1,3500,0.00,458.00,69.00,64.00,1.0,-1,-1,-1
2,3500,-0.46,458.00,69.91,64.87,1.0,-1,-1,-1
3,3500,-0.90,458.78,70.02,65.02,1.0,-1,-1,-1
3,3501,1302.20,498.20,274.20,119.00,1.0,-1,-1,-1
4,3500,-1.00,458.26,69.97,65.05,1.0,-1,-1,-1
4,3501,1310.47,495.00,272.45,118.24,1.0,-1,-1,-1
5,3500,-1.68,458.08,69.80,65.05,1.0,-1,-1,-1
5,3501,1322.26,490.79,273.37,118.75,1.0,-1,-1,-1
6,3500,-2.16,458.01,69.54,65.04,1.0,-1,-1,-1
6,3501,1325.91,487.32,286.76,124.91,1.0,-1,-1,-1
7,3500,-1.87,457.99,68.58,64.33,1.0,-1,-1,-1
7,3501,1343.69,488.38,267.42,116.36,1.0,-1,-1,-1
8,3500,-2.00,457.99,68.04,64.08,1.0,-1,-1,-1
8,3501,1353.20,488.30,258.74,113.05,1.0,-1,-1,-1
9,3500,-1.65,457.30,68.46,64.67,1.0,-1,-1,-1
9,3501,1368.64,486.23,249.73,109.15,1.0,-1,-1,-1
10,3500,-1.43,457.73,67.78,64.22,1.0,-1,-1,-1
10,3501,1380.99,483.48,250.87,109.95,1.0,-1,-1,-1
11,3500,-1.60,457.22,68.04,64.72,1.0,-1,-1,-1
11,3501,1391.62,483.95,253.81,111.65,1.0,-1,-1,-1
12,3500,-1.83,457.70,66.49,63.58,1.0,-1,-1,-1
12,3501,1406.86,482.83,242.90,106.91,1.0,-1,-1,-1
13,3500,-1.82,458.56,65.72,63.14,1.0,-1,-1,-1
13,3501,1427.76,488.00,212.79,92.81,1.0,-1,-1,-1
14,3500,-1.41,459.55,64.64,62.32,1.0,-1,-1,-1
14,3501,1436.97,487.87,204.20,88.46,1.0,-1,-1,-1
15,3500,-1.49,459.24,64.74,62.69,1.0,-1,-1,-1
15,3501,1441.13,487.84,204.93,88.56,1.0,-1,-1,-1
16,3500,-1.71,459.79,63.85,62.17,1.0,-1,-1,-1
16,3501,1440.71,481.64,218.01,94.88,1.0,-1,-1,-1
17,3500,-1.69,458.66,63.33,61.98,1.0,-1,-1,-1
17,3501,1456.30,484.11,202.84,87.86,1.0,-1,-1,-1
18,3500,-1.30,458.23,63.05,61.92,1.0,-1,-1,-1
18,3501,1465.67,480.34,209.21,90.76,1.0,-1,-1,-1
19,3500,0.91,457.40,64.15,62.57,1.0,-1,-1,-1
19,3501,1475.16,478.39,215.36,93.78,1.0,-1,-1,-1
20,3500,4.46,455.77,67.07,64.14,1.0,-1,-1,-1
20,3501,1495.19,477.70,211.22,92.30,1.0,-1,-1,-1
21,3500,11.92,453.85,67.69,61.46,1.0,-1,-1,-1
21,3501,1523.42,476.17,199.73,87.10,1.0,-1,-1,-1
22,3500,26.25,453.13,70.51,59.74,1.0,-1,-1,-1
22,3501,1545.10,470.88,219.86,96.13,1.0,-1,-1,-1
23,3500,50.16,456.24,72.42,57.77,1.0,-1,-1,-1
23,3501,1574.94,474.86,211.27,92.12,1.0,-1,-1,-1
24,3500,80.84,456.73,73.68,56.39,1.0,-1,-1,-1
24,3501,1603.83,471.91,221.03,96.53,1.0,-1,-1,-1
25,3500,105.61,456.91,74.84,54.56,1.0,-1,-1,-1
25,3502,1293.49,894.20,133.82,74.20,1.0,-1,-1,-1
26,3500,129.05,454.26,79.70,55.96,1.0,-1,-1,-1
26,3502,1328.93,898.61,139.07,77.09,1.0,-1,-1,-1
26,3501,1669.53,473.71,209.96,90.70,1.0,-1,-1,-1
27,3500,154.58,452.65,82.52,55.81,1.0,-1,-1,-1
27,3502,1379.75,906.96,132.93,73.55,1.0,-1,-1,-1
27,3501,1705.26,477.10,199.16,85.19,1.0,-1,-1,-1
28,3500,178.29,449.39,89.67,59.11,1.0,-1,-1,-1
28,3502,1429.62,914.88,137.77,76.05,1.0,-1,-1,-1
28,3501,1735.10,478.96,191.32,81.28,1.0,-1,-1,-1
29,3500,210.87,452.75,85.65,55.12,1.0,-1,-1,-1
29,3502,1471.00,921.51,146.81,81.12,1.0,-1,-1,-1
29,3501,1764.59,477.58,199.72,84.05,1.0,-1,-1,-1
30,3500,236.21,453.49,82.00,51.50,1.0,-1,-1,-1
30,3502,1516.49,928.43,149.06,82.20,1.0,-1,-1,-1
30,3504,13.77,416.40,31.65,42.20,1.0,-1,-1,-1
31,3500,260.40,453.08,85.99,52.95,1.0,-1,-1,-1
31,3502,1563.60,937.51,146.85,80.50,1.0,-1,-1,-1
31,3504,24.26,414.54,33.78,43.60,1.0,-1,-1,-1
32,3500,283.13,450.28,90.84,55.46,1.0,-1,-1,-1
32,3502,1612.45,948.07,149.34,81.82,1.0,-1,-1,-1
32,3504,45.05,412.39,36.68,44.83,1.0,-1,-1,-1
32,3507,16.33,498.00,37.74,25.40,1.0,-1,-1,-1
33,3500,308.51,451.87,86.57,51.83,1.0,-1,-1,-1
33,3502,1657.04,955.72,158.80,86.94,1.0,-1,-1,-1
33,3504,73.70,410.27,39.60,45.92,1.0,-1,-1,-1
33,3507,35.80,494.86,38.56,25.87,1.0,-1,-1,-1
33,3501,1875.35,478.57,211.49,88.36,1.0,-1,-1,-1
34,3500,331.21,451.86,86.45,51.08,1.0,-1,-1,-1
34,3502,1705.53,964.90,155.82,84.92,1.0,-1,-1,-1
34,3504,95.74,410.32,41.79,45.54,1.0,-1,-1,-1
34,3507,57.67,493.08,37.82,25.24,1.0,-1,-1,-1
34,3501,1910.98,476.71,214.10,88.97,1.0,-1,-1,-1
35,3500,341.85,451.19,86.86,50.83,1.0,-1,-1,-1
35,3502,1745.66,975.43,154.76,84.02,1.0,-1,-1,-1
35,3504,110.81,410.44,44.39,45.35,1.0,-1,-1,-1
35,3507,65.70,491.11,37.64,25.03,1.0,-1,-1,-1
35,3513,102.63,533.40,61.54,35.20,1.0,-1,-1,-1
35,3514,194.46,539.20,48.47,30.40,1.0,-1,-1,-1
36,3500,345.14,450.28,87.38,50.76,1.0,-1,-1,-1
36,3502,1775.98,982.40,161.56,87.62,1.0,-1,-1,-1
36,3504,114.38,409.84,47.89,45.95,1.0,-1,-1,-1
36,3507,63.87,491.30,36.89,24.24,1.0,-1,-1,-1
36,3513,111.36,536.09,59.91,34.30,1.0,-1,-1,-1
36,3514,203.14,541.39,48.03,30.09,1.0,-1,-1,-1
36,3515,1373.16,807.60,116.88,56.40,1.0,-1,-1,-1
36,3516,1932.25,446.00,53.29,36.60,1.0,-1,-1,-1
37,3500,345.18,451.30,85.81,49.42,1.0,-1,-1,-1
37,3502,1807.88,989.38,165.19,89.59,1.0,-1,-1,-1
37,3504,114.60,411.02,50.57,45.46,1.0,-1,-1,-1
37,3507,56.15,490.02,37.91,24.70,1.0,-1,-1,-1
37,3513,118.12,537.84,64.54,37.09,1.0,-1,-1,-1
37,3514,209.20,541.31,51.57,32.35,1.0,-1,-1,-1
37,3515,1389.69,812.46,122.43,59.14,1.0,-1,-1,-1
37,3516,1926.66,446.76,62.35,42.98,1.0,-1,-1,-1
38,3500,345.42,452.37,84.45,48.27,1.0,-1,-1,-1
38,3502,1838.98,995.69,165.56,89.65,1.0,-1,-1,-1
38,3504,112.90,411.50,53.54,45.26,1.0,-1,-1,-1
38,3507,50.09,488.23,38.43,24.86,1.0,-1,-1,-1
38,3513,129.26,541.21,59.90,34.39,1.0,-1,-1,-1
38,3514,219.83,544.15,49.38,30.87,1.0,-1,-1,-1
38,3515,1413.90,817.18,127.43,61.60,1.0,-1,-1,-1
38,3516,1921.67,447.03,70.17,48.79,1.0,-1,-1,-1
38,3501,1961.19,477.69,186.45,76.70,1.0,-1,-1,-1
39,3500,342.42,451.42,86.82,49.22,1.0,-1,-1,-1
39,3502,1870.02,1005.67,165.47,88.97,1.0,-1,-1,-1
39,3504,110.36,413.05,55.29,43.83,1.0,-1,-1,-1
39,3507,42.09,486.96,38.81,24.93,1.0,-1,-1,-1
39,3513,136.68,543.04,59.22,34.05,1.0,-1,-1,-1
39,3514,226.73,545.11,53.09,33.20,1.0,-1,-1,-1
39,3515,1440.91,822.98,130.26,63.08,1.0,-1,-1,-1
39,3516,1919.85,447.79,72.33,50.87,1.0,-1,-1,-1
39,3501,1973.33,477.90,179.14,72.96,1.0,-1,-1,-1
40,3500,341.56,451.75,87.91,49.58,1.0,-1,-1,-1
40,3502,1899.19,1013.80,174.98,93.92,1.0,-1,-1,-1
40,3504,105.12,412.29,58.56,43.95,1.0,-1,-1,-1
40,3507,34.53,485.20,41.17,26.32,1.0,-1,-1,-1
40,3513,142.86,545.70,60.23,34.66,1.0,-1,-1,-1
40,3514,234.24,547.46,54.60,33.96,1.0,-1,-1,-1
40,3515,1466.96,829.77,130.91,63.51,1.0,-1,-1,-1
40,3516,1918.90,448.07,73.08,52.09,1.0,-1,-1,-1
40,3501,1980.14,477.27,175.27,71.15,1.0,-1,-1,-1
41,3500,337.61,450.55,91.99,51.73,1.0,-1,-1,-1
41,3502,1931.86,1019.92,181.27,97.04,1.0,-1,-1,-1
41,3504,102.56,413.36,61.08,43.33,1.0,-1,-1,-1
41,3507,27.00,483.93,42.30,26.82,1.0,-1,-1,-1
41,3513,149.53,546.55,64.15,36.95,1.0,-1,-1,-1
41,3514,242.70,550.31,53.28,32.86,1.0,-1,-1,-1
41,3515,1495.57,835.48,134.96,65.65,1.0,-1,-1,-1
41,3516,1917.73,448.82,72.38,52.38,1.0,-1,-1,-1
41,3517,3.63,501.00,20.33,36.80,1.0,-1,-1,-1
42,3500,337.67,452.06,90.62,50.57,1.0,-1,-1,-1
42,3502,1963.80,1026.54,183.91,98.22,1.0,-1,-1,-1
42,3504,99.03,413.77,63.76,43.09,1.0,-1,-1,-1
42,3507,19.07,482.19,43.55,27.67,1.0,-1,-1,-1
42,3513,157.40,547.47,65.58,37.77,1.0,-1,-1,-1
42,3514,249.37,552.67,53.12,32.40,1.0,-1,-1,-1
42,3515,1521.34,840.07,133.78,65.04,1.0,-1,-1,-1
42,3516,1917.91,449.76,70.26,51.68,1.0,-1,-1,-1
42,3517,5.14,501.00,22.39,40.12,1.0,-1,-1,-1
42,3501,1990.27,475.26,183.45,74.73,1.0,-1,-1,-1
43,3500,337.04,452.67,90.44,50.13,1.0,-1,-1,-1
43,3502,1996.31,1037.91,188.56,100.56,1.0,-1,-1,-1
43,3504,94.84,413.93,67.30,43.68,1.0,-1,-1,-1
43,3507,13.30,480.92,43.06,27.33,1.0,-1,-1,-1
43,3513,165.86,551.05,63.90,36.74,1.0,-1,-1,-1
43,3514,258.03,554.14,54.20,32.89,1.0,-1,-1,-1
43,3515,1545.23,844.94,138.43,67.42,1.0,-1,-1,-1
43,3516,1916.02,449.43,70.11,52.60,1.0,-1,-1,-1
43,3517,7.62,501.00,24.30,42.69,1.0,-1,-1,-1
43,3501,1992.19,474.09,188.60,77.13,1.0,-1,-1,-1
44,3500,336.22,452.23,91.63,50.63,1.0,-1,-1,-1
44,3502,2031.99,1047.22,190.77,101.41,1.0,-1,-1,-1
44,3504,92.77,414.65,69.29,43.23,1.0,-1,-1,-1
44,3507,3.08,479.83,51.70,33.14,1.0,-1,-1,-1
44,3513,170.71,552.33,65.28,37.67,1.0,-1,-1,-1
44,3514,264.92,556.62,56.02,33.73,1.0,-1,-1,-1
44,3515,1574.71,853.85,139.05,67.60,1.0,-1,-1,-1
44,3516,1914.49,449.29,69.77,53.54,1.0,-1,-1,-1
44,3517,10.96,499.56,26.32,44.91,1.0,-1,-1,-1
45,3500,336.77,454.05,89.28,48.85,1.0,-1,-1,-1
45,3502,2066.02,1055.08,197.16,104.93,1.0,-1,-1,-1
45,3504,90.76,413.58,72.06,43.73,1.0,-1,-1,-1
45,3507,0.40,478.79,53.94,34.60,1.0,-1,-1,-1
45,3513,180.70,556.05,61.52,35.36,1.0,-1,-1,-1
45,3514,272.54,559.47,56.64,34.03,1.0,-1,-1,-1
45,3515,1603.50,860.37,139.29,67.61,1.0,-1,-1,-1
45,3516,1912.26,448.56,70.40,55.13,1.0,-1,-1,-1
45,3517,14.63,503.20,27.44,44.22,1.0,-1,-1,-1
46,3500,334.34,453.40,91.03,49.52,1.0,-1,-1,-1
46,3502,2104.90,1064.32,199.97,106.23,1.0,-1,-1,-1
46,3504,88.21,413.19,75.12,44.58,1.0,-1,-1,-1
46,3507,-0.74,478.43,50.79,32.67,1.0,-1,-1,-1
46,3513,188.83,559.41,62.16,35.80,1.0,-1,-1,-1
46,3514,281.45,561.81,56.12,33.48,1.0,-1,-1,-1
46,3515,1629.18,865.94,148.25,72.19,1.0,-1,-1,-1
46,3516,1912.44,449.57,67.32,53.73,1.0,-1,-1,-1
46,3517,18.29,505.29,29.84,45.20,1.0,-1,-1,-1
47,3500,331.80,452.50,95.38,51.75,1.0,-1,-1,-1
47,3502,2140.51,1074.10,202.08,107.32,1.0,-1,-1,-1
47,3504,84.14,413.04,76.35,44.24,1.0,-1,-1,-1
47,3507,-4.53,477.06,45.31,29.83,1.0,-1,-1,-1
47,3513,196.13,561.22,64.58,37.28,1.0,-1,-1,-1
47,3514,290.27,563.94,57.01,33.91,1.0,-1,-1,-1
47,3515,1658.63,872.43,147.69,71.95,1.0,-1,-1,-1
47,3516,1911.31,450.61,65.34,53.08,1.0,-1,-1,-1
47,3517,23.13,508.05,30.87,44.16,1.0,-1,-1,-1
48,3500,329.88,452.16,96.79,51.94,1.0,-1,-1,-1
48,3502,2177.61,1084.08,209.34,110.93,1.0,-1,-1,-1
48,3504,83.02,413.65,76.34,43.44,1.0,-1,-1,-1
48,3507,-6.24,477.28,39.30,26.69,1.0,-1,-1,-1
48,3513,202.21,562.49,66.20,38.49,1.0,-1,-1,-1
48,3514,298.64,566.64,56.55,33.40,1.0,-1,-1,-1
48,3515,1690.28,880.62,146.18,71.12,1.0,-1,-1,-1
48,3516,1910.62,451.00,63.88,52.78,1.0,-1,-1,-1
48,3517,29.27,509.73,33.13,45.04,1.0,-1,-1,-1
49,3500,330.19,452.69,95.51,50.69,1.0,-1,-1,-1
49,3502,2215.26,1091.54,221.17,117.41,1.0,-1,-1,-1
49,3504,80.80,413.88,78.41,43.80,1.0,-1,-1,-1
49,3507,-7.90,477.43,36.02,25.52,1.0,-1,-1,-1
49,3513,211.46,564.86,63.54,36.99,1.0,-1,-1,-1
49,3514,305.89,568.25,59.49,35.19,1.0,-1,-1,-1
49,3515,1719.36,889.46,149.72,72.72,1.0,-1,-1,-1
49,3516,1909.05,451.13,62.75,52.61,1.0,-1,-1,-1
49,3517,35.20,513.64,33.66,43.34,1.0,-1,-1,-1
50,3500,330.17,454.23,95.64,50.21,1.0,-1,-1,-1
50,3502,2258.67,1105.05,217.84,115.43,1.0,-1,-1,-1
50,3504,80.03,415.29,78.96,43.28,1.0,-1,-1,-1
50,3513,218.45,566.99,65.58,38.38,1.0,-1,-1,-1
50,3514,315.70,571.40,57.69,33.90,1.0,-1,-1,-1
50,3515,1750.06,895.88,153.71,74.59,1.0,-1,-1,-1
50,3516,1908.02,450.51,63.30,53.83,1.0,-1,-1,-1
50,3517,39.73,516.42,36.29,44.65,1.0,-1,-1,-1
51,3500,329.40,454.80,96.33,50.04,1.0,-1,-1,-1
51,3502,2301.74,1115.26,221.11,116.46,1.0,-1,-1,-1
51,3504,80.18,416.49,78.82,42.41,1.0,-1,-1,-1
51,3513,225.93,569.69,65.34,38.23,1.0,-1,-1,-1
51,3514,323.77,573.85,58.28,34.03,1.0,-1,-1,-1
51,3515,1782.01,902.68,155.34,75.28,1.0,-1,-1,-1
51,3516,1907.02,450.91,61.55,52.96,1.0,-1,-1,-1
51,3517,46.57,518.05,37.85,44.45,1.0,-1,-1,-1
51,3518,527.56,566.40,65.48,40.00,1.0,-1,-1,-1
52,3500,327.16,454.34,98.32,50.64,1.0,-1,-1,-1
52,3502,2344.32,1127.97,225.44,118.74,1.0,-1,-1,-1
52,3504,80.38,416.93,79.72,42.09,1.0,-1,-1,-1
52,3513,232.81,571.30,65.13,38.16,1.0,-1,-1,-1
52,3514,332.55,576.02,57.64,33.41,1.0,-1,-1,-1
52,3515,1815.44,910.29,157.33,76.15,1.0,-1,-1,-1
52,3516,1905.22,451.72,60.52,52.57,1.0,-1,-1,-1
52,3517,52.32,520.59,39.74,44.34,1.0,-1,-1,-1
52,3518,517.95,566.10,61.93,37.77,1.0,-1,-1,-1
53,3500,326.30,454.82,99.62,50.87,1.0,-1,-1,-1
53,3502,2388.08,1137.75,228.72,120.21,1.0,-1,-1,-1
53,3504,79.34,416.41,80.85,41.98,1.0,-1,-1,-1
53,3513,242.55,574.46,62.10,36.15,1.0,-1,-1,-1
53,3514,341.02,577.40,57.68,33.17,1.0,-1,-1,-1
53,3515,1847.21,918.85,163.20,79.04,1.0,-1,-1,-1
53,3516,1902.36,450.69,61.94,54.38,1.0,-1,-1,-1
53,3517,59.16,522.80,41.98,44.94,1.0,-1,-1,-1
53,3518,505.18,564.42,59.48,36.17,1.0,-1,-1,-1
54,3500,324.20,453.02,102.86,52.27,1.0,-1,-1,-1
54,3502,2431.57,1148.33,243.45,128.49,1.0,-1,-1,-1
54,3504,77.72,416.21,83.01,42.61,1.0,-1,-1,-1
54,3513,247.92,575.56,65.56,38.06,1.0,-1,-1,-1
54,3514,349.81,579.17,59.12,33.74,1.0,-1,-1,-1
54,3515,1880.44,926.46,166.82,80.77,1.0,-1,-1,-1
54,3516,1900.45,450.95,61.63,54.39,1.0,-1,-1,-1
54,3517,64.38,524.23,44.39,45.81,1.0,-1,-1,-1
54,3518,491.14,563.16,57.71,34.99,1.0,-1,-1,-1
55,3500,323.31,453.65,102.87,52.15,1.0,-1,-1,-1
55,3502,2478.61,1163.01,242.71,128.43,1.0,-1,-1,-1
55,3504,77.33,417.45,80.68,40.86,1.0,-1,-1,-1
55,3513,255.96,575.93,66.80,38.74,1.0,-1,-1,-1
55,3514,359.18,581.08,61.43,34.61,1.0,-1,-1,-1
55,3515,1916.97,933.71,166.18,80.10,1.0,-1,-1,-1
55,3516,1897.41,451.70,62.31,55.02,1.0,-1,-1,-1
55,3517,68.56,523.40,48.37,48.74,1.0,-1,-1,-1
55,3518,479.31,561.33,57.45,34.69,1.0,-1,-1,-1
56,3500,325.47,453.89,101.02,51.43,1.0,-1,-1,-1
56,3502,2513.85,1172.34,236.10,127.64,1.0,-1,-1,-1
56,3504,75.73,417.91,81.27,40.87,1.0,-1,-1,-1
56,3513,264.08,577.95,67.13,38.99,1.0,-1,-1,-1
56,3514,366.60,583.70,63.82,35.59,1.0,-1,-1,-1
56,3515,1953.04,942.13,166.08,79.78,1.0,-1,-1,-1
56,3516,1895.36,451.98,63.17,55.89,1.0,-1,-1,-1
56,3517,74.00,525.61,50.29,49.84,1.0,-1,-1,-1
56,3518,467.28,558.62,58.84,35.36,1.0,-1,-1,-1
57,3500,325.04,455.30,100.75,51.16,1.0,-1,-1,-1
57,3502,2549.95,1184.04,214.71,120.07,1.0,-1,-1,-1
57,3504,73.08,417.41,84.26,42.22,1.0,-1,-1,-1
57,3513,271.35,579.96,66.21,38.43,1.0,-1,-1,-1
57,3514,373.01,585.93,63.52,35.30,1.0,-1,-1,-1
57,3515,1989.02,952.30,168.50,80.92,1.0,-1,-1,-1
57,3516,1892.69,452.08,64.12,56.85,1.0,-1,-1,-1
57,3517,82.45,527.07,50.26,48.30,1.0,-1,-1,-1
57,3518,457.31,557.74,55.86,33.53,1.0,-1,-1,-1
58,3500,323.55,455.17,103.21,52.38,1.0,-1,-1,-1
58,3502,2594.17,1196.04,176.77,103.66,1.0,-1,-1,-1
58,3504,71.99,416.56,85.56,42.72,1.0,-1,-1,-1
58,3513,278.01,580.64,68.01,39.52,1.0,-1,-1,-1
58,3514,378.71,587.36,67.37,37.15,1.0,-1,-1,-1
58,3515,2029.10,960.50,170.03,81.33,1.0,-1,-1,-1
58,3516,1889.82,452.11,64.39,57.19,1.0,-1,-1,-1
58,3517,87.83,530.20,51.45,48.31,1.0,-1,-1,-1
58,3518,446.45,556.11,57.35,34.32,1.0,-1,-1,-1
59,3500,319.97,454.46,106.84,54.14,1.0,-1,-1,-1
59,3504,69.52,416.22,87.54,43.57,1.0,-1,-1,-1
59,3513,285.38,583.46,67.66,39.27,1.0,-1,-1,-1
59,3514,394.40,591.08,64.58,35.91,1.0,-1,-1,-1
59,3515,2065.76,967.95,170.80,81.44,1.0,-1,-1,-1
59,3516,1887.56,453.42,63.68,56.65,1.0,-1,-1,-1
59,3517,94.69,533.29,52.34,48.29,1.0,-1,-1,-1
59,3518,434.37,553.54,58.07,34.61,1.0,-1,-1,-1
60,3500,318.55,453.54,108.29,54.81,1.0,-1,-1,-1
60,3504,67.30,415.44,89.55,44.54,1.0,-1,-1,-1
60,3513,294.56,586.44,66.68,38.50,1.0,-1,-1,-1
60,3514,405.75,594.42,64.20,36.05,1.0,-1,-1,-1
60,3515,2103.76,978.39,174.40,82.76,1.0,-1,-1,-1
60,3516,1886.09,453.25,62.78,55.75,1.0,-1,-1,-1
60,3517,99.94,535.06,53.51,48.27,1.0,-1,-1,-1
60,3518,421.49,549.95,61.28,36.77,1.0,-1,-1,-1
61,3500,318.59,455.13,107.62,54.40,1.0,-1,-1,-1
61,3504,66.72,415.14,90.44,44.91,1.0,-1,-1,-1
61,3513,301.38,589.48,69.60,40.19,1.0,-1,-1,-1
61,3514,415.58,597.57,62.17,34.78,1.0,-1,-1,-1
61,3515,2141.35,986.03,183.41,87.14,1.0,-1,-1,-1
61,3516,1881.78,453.84,63.49,56.05,1.0,-1,-1,-1
61,3517,106.62,537.63,55.28,48.90,1.0,-1,-1,-1
61,3518,413.50,548.68,57.69,34.93,1.0,-1,-1,-1
62,3500,316.52,452.46,109.52,55.54,1.0,-1,-1,-1
62,3504,67.04,413.72,90.37,45.05,1.0,-1,-1,-1
62,3513,307.64,591.22,72.01,41.46,1.0,-1,-1,-1
62,3514,421.35,598.00,60.48,33.61,1.0,-1,-1,-1
62,3515,2181.97,993.26,185.97,88.15,1.0,-1,-1,-1
62,3516,1878.52,454.05,62.57,54.83,1.0,-1,-1,-1
62,3517,113.59,538.55,57.15,49.77,1.0,-1,-1,-1
62,3518,400.65,546.96,58.27,34.89,1.0,-1,-1,-1
63,3500,313.98,449.50,111.13,56.62,1.0,-1,-1,-1
63,3504,66.90,412.52,90.24,45.09,1.0,-1,-1,-1
63,3513,313.93,591.81,71.80,41.30,1.0,-1,-1,-1
63,3515,2223.37,1000.32,189.03,89.14,1.0,-1,-1,-1
63,3516,1874.91,452.12,63.83,55.68,1.0,-1,-1,-1
63,3517,120.80,538.83,58.77,50.75,1.0,-1,-1,-1
63,3518,389.97,543.72,59.21,35.55,1.0,-1,-1,-1
64,3500,312.50,447.07,111.45,57.02,1.0,-1,-1,-1
64,3504,66.25,410.76,91.37,45.75,1.0,-1,-1,-1
64,3513,325.16,592.60,68.53,39.25,1.0,-1,-1,-1
64,3515,2263.94,1011.21,195.04,92.07,1.0,-1,-1,-1
64,3517,128.57,539.52,57.39,48.50,1.0,-1,-1,-1
64,3518,378.56,539.26,60.60,36.47,1.0,-1,-1,-1
65,3500,311.17,444.19,114.40,59.11,1.0,-1,-1,-1
65,3504,66.73,410.10,90.38,45.35,1.0,-1,-1,-1
65,3513,332.56,594.81,66.98,38.44,1.0,-1,-1,-1
65,3515,2306.67,1017.75,200.25,94.45,1.0,-1,-1,-1
65,3517,133.43,540.37,58.45,48.92,1.0,-1,-1,-1
65,3518,369.60,537.00,58.71,35.50,1.0,-1,-1,-1
66,3500,311.53,443.76,113.79,59.25,1.0,-1,-1,-1
66,3504,64.72,409.21,91.10,45.84,1.0,-1,-1,-1
66,3513,341.94,596.89,65.26,37.47,1.0,-1,-1,-1
66,3515,2352.42,1027.12,207.31,97.91,1.0,-1,-1,-1
66,3517,140.06,541.29,59.33,49.07,1.0,-1,-1,-1
66,3518,356.68,532.91,58.72,35.80,1.0,-1,-1,-1
67,3500,310.92,442.97,114.41,59.93,1.0,-1,-1,-1
67,3504,64.88,409.55,90.21,45.36,1.0,-1,-1,-1
67,3513,349.59,597.59,65.69,37.79,1.0,-1,-1,-1
67,3515,2399.85,1041.43,207.50,97.93,1.0,-1,-1,-1
67,3517,146.71,543.56,60.79,49.77,1.0,-1,-1,-1
67,3518,346.90,531.47,59.48,36.57,1.0,-1,-1,-1
68,3500,308.19,442.05,114.44,60.17,1.0,-1,-1,-1
68,3504,64.29,409.04,91.19,45.83,1.0,-1,-1,-1
68,3513,350.58,599.11,69.68,40.56,1.0,-1,-1,-1
68,3515,2451.58,1053.87,208.26,97.86,1.0,-1,-1,-1
68,3517,151.15,545.03,62.94,51.34,1.0,-1,-1,-1
68,3518,337.58,531.66,54.71,33.58,1.0,-1,-1,-1
69,3500,310.39,445.65,108.60,56.98,1.0,-1,-1,-1
69,3504,64.07,410.17,88.96,44.69,1.0,-1,-1,-1
69,3513,357.66,600.94,67.82,39.65,1.0,-1,-1,-1
69,3515,2495.85,1065.52,218.85,102.99,1.0,-1,-1,-1
69,3517,157.89,547.49,62.99,50.62,1.0,-1,-1,-1
69,3518,327.30,531.23,52.69,32.40,1.0,-1,-1,-1
70,3500,311.56,446.42,107.09,56.38,1.0,-1,-1,-1
70,3504,62.76,407.97,91.90,46.24,1.0,-1,-1,-1
70,3513,364.30,600.91,65.86,39.26,1.0,-1,-1,-1
70,3515,2539.98,1079.36,205.00,98.50,1.0,-1,-1,-1
70,3517,163.18,550.35,62.98,50.32,1.0,-1,-1,-1
70,3518,317.95,530.47,53.94,33.36,1.0,-1,-1,-1
71,3500,314.98,448.71,103.90,54.82,1.0,-1,-1,-1
71,3504,60.10,407.17,94.10,47.46,1.0,-1,-1,-1
71,3513,370.86,600.83,63.08,38.45,1.0,-1,-1,-1
71,3515,2583.90,1094.27,177.53,88.65,1.0,-1,-1,-1
71,3517,167.84,554.67,62.45,49.54,1.0,-1,-1,-1
71,3518,308.10,527.58,55.91,35.03,1.0,-1,-1,-1
72,3500,310.38,448.24,105.12,55.58,1.0,-1,-1,-1
72,3504,58.51,408.18,94.81,47.92,1.0,-1,-1,-1
72,3515,2628.10,1107.55,147.07,78.65,1.0,-1,-1,-1
72,3517,171.39,556.90,65.42,51.88,1.0,-1,-1,-1
72,3518,295.60,525.24,57.22,36.31,1.0,-1,-1,-1
73,3500,311.36,449.39,103.54,55.19,1.0,-1,-1,-1
73,3504,58.52,410.55,91.26,46.12,1.0,-1,-1,-1
73,3517,177.46,559.63,65.22,51.45,1.0,-1,-1,-1
73,3518,282.75,522.46,58.95,37.46,1.0,-1,-1,-1
74,3500,311.29,449.17,104.54,56.38,1.0,-1,-1,-1
74,3504,55.73,409.49,93.52,47.41,1.0,-1,-1,-1
74,3517,182.03,561.26,66.73,52.57,1.0,-1,-1,-1
74,3518,273.06,521.45,58.12,37.25,1.0,-1,-1,-1
75,3500,307.53,449.08,103.20,56.16,1.0,-1,-1,-1
75,3504,54.88,410.41,92.08,46.57,1.0,-1,-1,-1
75,3517,186.83,563.76,67.32,52.99,1.0,-1,-1,-1
75,3518,262.43,521.81,54.80,35.19,1.0,-1,-1,-1
76,3500,308.77,450.37,98.68,54.09,1.0,-1,-1,-1
76,3504,54.82,411.44,90.40,45.57,1.0,-1,-1,-1
76,3517,192.21,567.92,66.54,51.82,1.0,-1,-1,-1
76,3518,251.33,518.70,54.64,35.05,1.0,-1,-1,-1
77,3500,305.25,450.18,96.98,53.30,1.0,-1,-1,-1
77,3504,51.81,411.83,90.48,45.19,1.0,-1,-1,-1
77,3517,197.52,571.41,65.84,50.69,1.0,-1,-1,-1
77,3518,239.39,518.94,53.72,34.34,1.0,-1,-1,-1
78,3500,301.81,449.44,97.37,53.69,1.0,-1,-1,-1
78,3504,50.13,412.64,89.72,44.38,1.0,-1,-1,-1
78,3517,202.61,573.29,66.88,50.93,1.0,-1,-1,-1
78,3518,228.94,517.11,52.91,34.07,1.0,-1,-1,-1
79,3500,299.47,450.49,96.43,53.17,1.0,-1,-1,-1
79,3504,45.78,411.60,90.94,44.75,1.0,-1,-1,-1
79,3517,207.16,575.23,68.21,51.67,1.0,-1,-1,-1
79,3518,218.63,515.82,52.97,33.98,1.0,-1,-1,-1
80,3500,297.26,451.55,94.86,52.32,1.0,-1,-1,-1
80,3504,39.45,411.21,93.00,45.55,1.0,-1,-1,-1
80,3517,210.94,577.85,69.44,52.60,1.0,-1,-1,-1
80,3518,207.22,515.41,51.65,33.28,1.0,-1,-1,-1
81,3500,291.92,453.94,95.41,52.01,1.0,-1,-1,-1
81,3504,32.88,411.73,92.38,45.20,1.0,-1,-1,-1
81,3517,210.95,581.38,69.74,52.30,1.0,-1,-1,-1
81,3518,188.77,513.98,54.39,35.04,1.0,-1,-1,-1
82,3500,287.47,454.82,96.71,52.57,1.0,-1,-1,-1
82,3504,25.10,411.26,94.24,46.39,1.0,-1,-1,-1
82,3517,208.10,585.94,73.12,54.81,1.0,-1,-1,-1
82,3518,171.21,513.49,54.62,35.03,1.0,-1,-1,-1
83,3500,269.35,455.13,97.16,52.79,1.0,-1,-1,-1
83,3504,7.00,411.74,94.71,46.83,1.0,-1,-1,-1
83,3517,198.62,589.52,74.20,55.74,1.0,-1,-1,-1
83,3518,144.88,512.05,56.60,36.34,1.0,-1,-1,-1
84,3500,246.99,457.87,95.48,51.56,1.0,-1,-1,-1
84,3504,-5.10,415.86,90.36,45.68,1.0,-1,-1,-1
84,3517,181.70,594.06,75.99,57.38,1.0,-1,-1,-1
84,3518,113.33,513.49,54.52,34.88,1.0,-1,-1,-1
85,3500,219.61,460.89,98.94,53.77,1.0,-1,-1,-1
85,3504,-18.13,420.10,85.95,45.90,1.0,-1,-1,-1
85,3517,165.88,602.84,73.82,55.41,1.0,-1,-1,-1
85,3518,75.88,515.48,53.40,34.29,1.0,-1,-1,-1
86,3500,187.87,464.59,102.85,55.23,1.0,-1,-1,-1
86,3517,144.66,612.75,75.01,55.92,1.0,-1,-1,-1
86,3518,41.12,520.91,50.72,32.74,1.0,-1,-1,-1
87,3500,152.30,466.62,113.87,61.01,1.0,-1,-1,-1
87,3517,124.70,619.60,78.73,58.72,1.0,-1,-1,-1
87,3518,4.61,522.31,50.54,33.52,1.0,-1,-1,-1
88,3500,126.03,467.38,114.30,61.29,1.0,-1,-1,-1
88,3517,106.31,625.96,78.81,58.48,1.0,-1,-1,-1
89,3500,107.01,468.25,116.24,62.00,1.0,-1,-1,-1
89,3517,98.32,630.87,78.74,57.70,1.0,-1,-1,-1
90,3500,99.14,469.84,116.43,61.61,1.0,-1,-1,-1
90,3517,98.38,636.51,76.90,55.40,1.0,-1,-1,-1
91,3500,97.46,471.06,115.58,60.77,1.0,-1,-1,-1
91,3517,109.04,640.43,72.22,51.17,1.0,-1,-1,-1
92,3500,94.88,470.81,116.94,61.08,1.0,-1,-1,-1
92,3517,118.97,641.62,69.47,48.21,1.0,-1,-1,-1
93,3500,94.12,471.34,117.83,61.19,1.0,-1,-1,-1
93,3517,125.92,643.91,68.86,47.17,1.0,-1,-1,-1
94,3500,93.89,471.49,116.94,60.55,1.0,-1,-1,-1
94,3517,136.82,645.25,64.84,43.42,1.0,-1,-1,-1
95,3500,93.76,472.17,115.56,59.64,1.0,-1,-1,-1
95,3517,146.36,646.88,61.55,40.00,1.0,-1,-1,-1
96,3500,93.52,473.04,114.21,58.61,1.0,-1,-1,-1
96,3517,157.38,649.37,60.50,38.16,1.0,-1,-1,-1
96,3519,1598.80,472.80,119.00,71.00,1.0,-1,-1,-1
97,3500,93.71,473.33,113.83,58.22,1.0,-1,-1,-1
97,3517,166.77,652.88,58.52,36.20,1.0,-1,-1,-1
97,3519,1597.78,474.50,116.72,69.46,1.0,-1,-1,-1
98,3500,90.47,472.08,116.21,59.40,1.0,-1,-1,-1
99,3500,88.78,472.24,115.84,59.18,1.0,-1,-1,-1
99,3519,1582.12,475.97,117.77,69.87,1.0,-1,-1,-1
100,3500,88.13,470.96,116.92,59.76,1.0,-1,-1,-1
100,3519,1576.40,474.66,120.01,70.79,1.0,-1,-1,-1
101,3500,87.15,470.46,117.20,59.97,1.0,-1,-1,-1
101,3519,1570.94,474.21,122.59,71.78,1.0,-1,-1,-1
102,3500,86.64,469.59,117.32,60.04,1.0,-1,-1,-1
102,3519,1564.22,474.05,126.59,73.49,1.0,-1,-1,-1
103,3500,84.66,469.91,117.34,60.06,1.0,-1,-1,-1
103,3519,1563.69,477.37,125.92,71.39,1.0,-1,-1,-1
104,3500,84.27,470.03,116.95,60.07,1.0,-1,-1,-1
104,3519,1552.95,477.26,126.87,71.23,1.0,-1,-1,-1
105,3500,82.61,469.41,118.15,60.72,1.0,-1,-1,-1
105,3519,1543.36,476.54,129.47,71.83,1.0,-1,-1,-1
106,3500,82.48,469.82,117.18,60.31,1.0,-1,-1,-1
106,3519,1536.66,476.25,131.11,72.05,1.0,-1,-1,-1
107,3500,82.99,471.30,115.32,59.48,1.0,-1,-1,-1
107,3519,1529.94,477.47,132.60,72.12,1.0,-1,-1,-1
108,3500,83.38,471.19,114.48,59.17,1.0,-1,-1,-1
108,3519,1516.12,479.25,132.26,72.13,1.0,-1,-1,-1
109,3500,84.33,471.80,112.76,58.38,1.0,-1,-1,-1
109,3519,1506.16,479.24,132.16,72.12,1.0,-1,-1,-1
110,3500,83.89,472.02,111.91,58.09,1.0,-1,-1,-1
110,3519,1497.05,479.22,135.40,74.10,1.0,-1,-1,-1
111,3500,82.57,470.77,112.73,58.65,1.0,-1,-1,-1
111,3519,1488.63,480.51,136.56,74.83,1.0,-1,-1,-1
112,3500,81.49,469.63,115.00,60.19,1.0,-1,-1,-1
112,3519,1480.82,482.96,135.57,74.44,1.0,-1,-1,-1
113,3500,80.93,469.85,114.32,60.11,1.0,-1,-1,-1
113,3519,1472.15,484.54,133.98,73.61,1.0,-1,-1,-1
114,3500,81.85,470.60,112.59,59.41,1.0,-1,-1,-1
114,3519,1463.30,484.45,137.15,75.27,1.0,-1,-1,-1
115,3500,83.61,470.89,111.25,59.15,1.0,-1,-1,-1
115,3519,1454.19,483.08,140.55,77.19,1.0,-1,-1,-1
116,3500,83.12,470.99,110.49,59.04,1.0,-1,-1,-1
116,3519,1443.23,483.84,142.96,78.56,1.0,-1,-1,-1
117,3500,82.78,470.37,110.59,59.67,1.0,-1,-1,-1
117,3519,1435.10,484.77,145.11,79.72,1.0,-1,-1,-1
118,3500,77.18,469.47,112.43,60.56,1.0,-1,-1,-1
118,3519,1430.92,487.71,139.47,76.23,1.0,-1,-1,-1
119,3500,68.63,469.13,114.26,61.55,1.0,-1,-1,-1
119,3519,1412.89,487.50,143.60,78.17,1.0,-1,-1,-1
120,3519,1392.47,488.71,144.97,78.87,1.0,-1,-1,-1
121,3519,1369.47,489.15,142.42,77.15,1.0,-1,-1,-1
121,3500,26.60,472.10,111.57,60.40,1.0,-1,-1,-1
122,3519,1341.19,489.95,144.75,78.46,1.0,-1,-1,-1
122,3500,4.31,473.49,108.90,59.40,1.0,-1,-1,-1
123,3519,1318.70,490.23,149.24,80.90,1.0,-1,-1,-1
123,3500,-10.83,468.63,113.54,63.73,1.0,-1,-1,-1
124,3519,1304.63,489.66,151.09,81.82,1.0,-1,-1,-1
124,3500,-15.88,467.52,111.92,64.65,1.0,-1,-1,-1
125,3519,1290.24,491.38,155.14,84.11,1.0,-1,-1,-1
125,3500,-15.96,467.74,107.56,63.69,1.0,-1,-1,-1
126,3519,1280.87,491.36,156.17,84.97,1.0,-1,-1,-1
126,3500,-15.60,466.52,106.53,64.63,1.0,-1,-1,-1
126,3520,1270.21,909.80,125.78,73.00,1.0,-1,-1,-1
127,3519,1274.31,493.29,154.37,83.96,1.0,-1,-1,-1
127,3500,-14.83,466.73,104.64,64.97,1.0,-1,-1,-1
127,3520,1304.30,917.52,129.34,75.27,1.0,-1,-1,-1
128,3519,1266.45,497.95,149.03,80.91,1.0,-1,-1,-1
128,3500,-14.93,467.47,103.24,65.74,1.0,-1,-1,-1
129,3519,1258.21,499.69,149.36,81.05,1.0,-1,-1,-1
129,3500,-13.77,467.76,101.40,66.03,1.0,-1,-1,-1
129,3520,1363.75,941.72,126.48,73.39,1.0,-1,-1,-1
130,3519,1246.58,499.64,153.49,83.08,1.0,-1,-1,-1
130,3500,-13.23,467.88,100.25,66.78,1.0,-1,-1,-1
130,3520,1392.96,949.34,126.18,72.90,1.0,-1,-1,-1
131,3519,1235.27,500.24,154.57,83.83,1.0,-1,-1,-1
131,3500,-12.23,467.93,98.58,67.05,1.0,-1,-1,-1
131,3520,1430.46,957.21,125.79,72.05,1.0,-1,-1,-1
132,3519,1223.88,499.77,161.50,88.03,1.0,-1,-1,-1
132,3500,-11.41,467.95,96.74,67.15,1.0,-1,-1,-1
132,3520,1460.97,962.35,133.80,75.98,1.0,-1,-1,-1
133,3519,1217.24,498.93,161.54,87.67,1.0,-1,-1,-1
133,3500,-9.73,467.96,94.27,66.51,1.0,-1,-1,-1
133,3520,1494.05,968.01,139.64,78.71,1.0,-1,-1,-1
134,3519,1210.31,499.87,160.82,86.83,1.0,-1,-1,-1
134,3500,-9.22,467.31,93.21,66.91,1.0,-1,-1,-1
134,3520,1527.82,975.13,142.71,79.74,1.0,-1,-1,-1
135,3519,1205.95,502.83,151.66,81.22,1.0,-1,-1,-1
135,3500,-8.95,466.41,95.49,69.69,1.0,-1,-1,-1
135,3520,1563.24,984.15,146.57,81.44,1.0,-1,-1,-1
136,3519,1197.82,504.60,150.12,79.70,1.0,-1,-1,-1
136,3500,-7.36,471.26,92.20,68.13,1.0,-1,-1,-1
136,3520,1598.62,992.56,148.56,82.06,1.0,-1,-1,-1
137,3519,1180.20,503.87,159.47,84.51,1.0,-1,-1,-1
137,3500,-7.89,469.21,88.86,66.83,1.0,-1,-1,-1
137,3520,1634.36,1002.05,147.78,80.95,1.0,-1,-1,-1
138,3519,1164.10,502.94,163.69,86.26,1.0,-1,-1,-1
138,3500,-8.43,471.09,83.81,64.33,1.0,-1,-1,-1
138,3520,1668.12,1009.97,147.47,79.82,1.0,-1,-1,-1
139,3519,1145.72,502.55,169.53,88.88,1.0,-1,-1,-1
139,3500,-10.11,472.46,80.36,63.39,1.0,-1,-1,-1
139,3520,1698.69,1017.95,156.18,84.04,1.0,-1,-1,-1
140,3519,1130.26,503.67,167.23,87.27,1.0,-1,-1,-1
140,3500,-13.10,470.94,78.65,64.39,1.0,-1,-1,-1
140,3520,1730.44,1024.00,162.69,86.88,1.0,-1,-1,-1
141,3519,1112.34,505.41,169.47,87.92,1.0,-1,-1,-1
141,3500,-15.80,468.40,78.06,66.74,1.0,-1,-1,-1
141,3520,1761.49,1029.95,167.53,89.25,1.0,-1,-1,-1
142,3519,1094.41,504.07,177.05,91.43,1.0,-1,-1,-1
142,3500,-16.94,470.05,72.37,65.02,1.0,-1,-1,-1
142,3520,1795.97,1039.75,166.88,88.19,1.0,-1,-1,-1
143,3519,1077.20,504.20,180.71,92.74,1.0,-1,-1,-1
143,3520,1831.47,1049.14,173.26,91.01,1.0,-1,-1,-1
144,3519,1059.76,504.23,182.48,93.22,1.0,-1,-1,-1
144,3520,1865.14,1055.07,180.72,94.63,1.0,-1,-1,-1
145,3519,1039.49,505.53,185.14,94.67,1.0,-1,-1,-1
145,3520,1902.36,1062.28,182.71,95.35,1.0,-1,-1,-1
146,3519,1024.88,506.66,185.78,94.55,1.0,-1,-1,-1
146,3520,1942.18,1071.93,185.41,96.23,1.0,-1,-1,-1
147,3519,1011.98,507.08,189.89,96.43,1.0,-1,-1,-1
147,3520,1986.13,1082.52,190.49,98.47,1.0,-1,-1,-1
148,3519,998.32,507.22,194.19,98.42,1.0,-1,-1,-1
148,3520,2031.06,1090.87,194.32,99.94,1.0,-1,-1,-1
148,3521,2613.14,999.60,93.52,71.80,1.0,-1,-1,-1
149,3519,985.84,509.85,196.28,99.15,1.0,-1,-1,-1
149,3520,2076.85,1100.95,200.63,103.05,1.0,-1,-1,-1
149,3521,2593.27,995.38,98.00,74.21,1.0,-1,-1,-1
150,3519,972.03,511.50,198.50,100.70,1.0,-1,-1,-1
150,3520,2125.93,1112.97,203.03,104.21,1.0,-1,-1,-1
150,3521,2557.83,989.34,101.11,75.07,1.0,-1,-1,-1
151,3519,962.21,512.76,196.25,99.96,1.0,-1,-1,-1
151,3520,2176.47,1124.47,202.44,103.31,1.0,-1,-1,-1
151,3521,2515.18,985.98,104.53,76.02,1.0,-1,-1,-1
152,3519,947.18,517.15,202.59,102.91,1.0,-1,-1,-1
152,3520,2224.55,1135.11,211.27,108.12,1.0,-1,-1,-1
152,3521,2475.16,981.46,103.84,73.44,1.0,-1,-1,-1
152,3522,362.41,602.00,73.97,34.00,1.0,-1,-1,-1
153,3519,934.95,518.78,205.13,104.00,1.0,-1,-1,-1
153,3520,2278.11,1147.29,214.07,109.26,1.0,-1,-1,-1
153,3521,2437.71,976.52,103.53,71.05,1.0,-1,-1,-1
153,3522,362.90,601.23,73.93,34.00,1.0,-1,-1,-1
154,3519,923.37,521.31,201.91,102.42,1.0,-1,-1,-1
154,3520,2332.03,1159.49,217.98,110.94,1.0,-1,-1,-1
154,3521,2400.55,973.59,102.53,68.10,1.0,-1,-1,-1
154,3522,363.49,601.75,72.28,33.22,1.0,-1,-1,-1
154,3523,1291.70,971.40,153.59,86.20,1.0,-1,-1,-1
154,3524,1011.71,931.40,157.38,115.60,1.0,-1,-1,-1
155,3519,914.38,522.90,204.89,103.74,1.0,-1,-1,-1
155,3520,2389.43,1172.30,221.78,112.83,1.0,-1,-1,-1
155,3521,2363.25,967.85,106.81,68.48,1.0,-1,-1,-1
155,3522,363.24,601.94,71.83,32.98,1.0,-1,-1,-1
155,3523,1315.17,976.50,161.54,90.68,1.0,-1,-1,-1
155,3524,1037.01,936.57,163.38,119.83,1.0,-1,-1,-1
156,3519,899.29,522.80,212.53,107.48,1.0,-1,-1,-1
156,3520,2449.03,1186.63,215.34,108.33,1.0,-1,-1,-1
156,3521,2324.48,962.56,109.23,67.96,1.0,-1,-1,-1
156,3522,362.32,602.73,73.37,33.65,1.0,-1,-1,-1
156,3523,1344.78,983.52,170.79,95.98,1.0,-1,-1,-1
156,3524,1069.90,944.40,166.66,121.97,1.0,-1,-1,-1
157,3519,889.72,525.31,211.46,106.29,1.0,-1,-1,-1
157,3520,2499.18,1195.03,217.21,109.78,1.0,-1,-1,-1
157,3521,2286.49,956.05,113.73,69.16,1.0,-1,-1,-1
157,3523,1377.52,990.08,172.32,96.92,1.0,-1,-1,-1
157,3524,1101.07,954.20,171.69,125.49,1.0,-1,-1,-1
158,3519,879.16,527.55,211.38,105.76,1.0,-1,-1,-1
158,3520,2550.97,1209.66,195.62,101.14,1.0,-1,-1,-1
158,3521,2250.12,951.82,114.44,68.27,1.0,-1,-1,-1
158,3523,1416.65,999.22,164.09,92.09,1.0,-1,-1,-1
158,3524,1137.99,961.53,168.84,123.03,1.0,-1,-1,-1
159,3519,864.20,527.69,215.72,107.50,1.0,-1,-1,-1
159,3520,2595.19,1220.78,176.78,96.31,1.0,-1,-1,-1
159,3521,2214.08,947.76,114.93,67.28,1.0,-1,-1,-1
159,3523,1451.39,1009.28,168.25,94.43,1.0,-1,-1,-1
159,3524,1170.34,967.29,172.88,125.52,1.0,-1,-1,-1
160,3519,858.87,529.01,213.52,105.52,1.0,-1,-1,-1
160,3521,2182.29,944.44,113.19,64.91,1.0,-1,-1,-1
160,3523,1486.16,1016.67,172.37,96.57,1.0,-1,-1,-1
160,3524,1203.85,975.93,176.59,127.71,1.0,-1,-1,-1
161,3519,843.57,532.10,213.18,104.71,1.0,-1,-1,-1
161,3521,2148.70,940.71,116.08,65.42,1.0,-1,-1,-1
161,3523,1519.12,1023.15,180.33,101.35,1.0,-1,-1,-1
161,3524,1239.47,986.26,176.12,127.10,1.0,-1,-1,-1
162,3519,827.17,529.90,219.98,109.01,1.0,-1,-1,-1
162,3521,2114.87,935.48,117.73,64.95,1.0,-1,-1,-1
162,3523,1558.76,1030.62,178.04,99.80,1.0,-1,-1,-1
162,3524,1276.94,993.85,177.32,127.46,1.0,-1,-1,-1
163,3519,816.31,532.30,220.84,109.95,1.0,-1,-1,-1
163,3521,2080.67,929.69,121.50,66.14,1.0,-1,-1,-1
163,3523,1593.42,1038.49,187.89,105.75,1.0,-1,-1,-1
163,3524,1308.04,999.05,187.05,134.23,1.0,-1,-1,-1
164,3519,801.04,535.15,222.06,110.94,1.0,-1,-1,-1
164,3521,2048.62,925.05,122.79,65.93,1.0,-1,-1,-1
164,3523,1630.77,1046.46,189.26,106.62,1.0,-1,-1,-1
164,3524,1345.69,1007.34,193.03,138.02,1.0,-1,-1,-1
165,3519,786.70,537.50,224.68,112.59,1.0,-1,-1,-1
165,3521,2016.10,919.50,124.39,65.87,1.0,-1,-1,-1
165,3523,1672.97,1055.81,187.24,105.56,1.0,-1,-1,-1
165,3524,1379.44,1017.44,201.43,143.97,1.0,-1,-1,-1
165,3525,796.03,536.60,209.14,115.40,1.0,-1,-1,-1
166,3519,773.18,539.66,228.25,114.49,1.0,-1,-1,-1
166,3521,1983.40,913.61,126.76,66.52,1.0,-1,-1,-1
166,3523,1713.00,1064.37,193.28,109.02,1.0,-1,-1,-1
166,3524,1416.84,1024.99,210.62,150.72,1.0,-1,-1,-1
166,3525,785.99,539.23,208.94,115.09,1.0,-1,-1,-1
167,3519,758.93,541.73,231.64,116.49,1.0,-1,-1,-1
167,3521,1950.61,909.59,126.12,65.45,1.0,-1,-1,-1
167,3523,1752.21,1073.25,199.36,112.22,1.0,-1,-1,-1
167,3524,1456.86,1036.67,209.29,150.06,1.0,-1,-1,-1
167,3525,770.95,541.66,212.00,116.55,1.0,-1,-1,-1
168,3519,744.50,542.48,237.39,119.18,1.0,-1,-1,-1
168,3521,1920.78,906.29,124.34,63.72,1.0,-1,-1,-1
168,3523,1798.24,1084.19,195.81,110.17,1.0,-1,-1,-1
168,3524,1496.42,1043.56,218.63,156.81,1.0,-1,-1,-1
168,3525,755.91,542.35,217.83,119.25,1.0,-1,-1,-1
169,3519,728.34,543.36,236.97,118.87,1.0,-1,-1,-1
169,3521,1888.92,903.25,124.41,63.09,1.0,-1,-1,-1
169,3523,1838.30,1090.08,198.78,111.89,1.0,-1,-1,-1
169,3524,1538.58,1051.78,222.84,159.96,1.0,-1,-1,-1
169,3525,738.72,543.21,217.78,118.69,1.0,-1,-1,-1
170,3519,712.60,545.59,241.73,121.31,1.0,-1,-1,-1
170,3521,1857.88,894.94,127.35,64.21,1.0,-1,-1,-1
170,3523,1879.13,1099.90,206.92,116.41,1.0,-1,-1,-1
170,3524,1583.33,1066.32,218.29,156.57,1.0,-1,-1,-1
170,3525,722.28,545.55,223.40,121.24,1.0,-1,-1,-1
171,3519,695.47,546.40,245.14,123.51,1.0,-1,-1,-1
171,3521,1827.35,890.03,126.89,63.31,1.0,-1,-1,-1
171,3523,1924.05,1109.24,208.68,117.44,1.0,-1,-1,-1
171,3524,1633.09,1076.25,218.70,155.74,1.0,-1,-1,-1
171,3525,704.29,546.33,228.03,123.48,1.0,-1,-1,-1
171,3526,445.12,461.00,107.76,40.40,1.0,-1,-1,-1
172,3519,684.74,549.90,241.94,121.71,1.0,-1,-1,-1
172,3521,1796.02,885.06,127.83,63.65,1.0,-1,-1,-1
172,3523,1969.78,1117.77,210.37,117.77,1.0,-1,-1,-1
172,3524,1676.92,1084.31,224.66,159.92,1.0,-1,-1,-1
172,3525,693.05,549.92,225.81,121.56,1.0,-1,-1,-1
172,3526,436.43,462.56,111.09,41.65,1.0,-1,-1,-1
173,3519,675.47,553.17,239.59,119.63,1.0,-1,-1,-1
173,3521,1769.50,880.06,123.69,61.14,1.0,-1,-1,-1
173,3523,2017.26,1124.67,216.86,121.75,1.0,-1,-1,-1
173,3524,1721.21,1091.67,231.01,164.04,1.0,-1,-1,-1
173,3525,683.44,553.23,224.18,119.41,1.0,-1,-1,-1
173,3526,430.80,461.53,110.08,41.29,1.0,-1,-1,-1
174,3519,656.86,553.68,243.48,121.45,1.0,-1,-1,-1
174,3521,1744.53,877.08,119.60,58.85,1.0,-1,-1,-1
174,3523,2064.40,1131.60,228.82,128.38,1.0,-1,-1,-1
174,3524,1772.01,1103.28,226.21,159.73,1.0,-1,-1,-1
174,3525,664.22,553.70,229.01,121.29,1.0,-1,-1,-1
174,3526,422.41,461.89,117.38,44.13,1.0,-1,-1,-1
174,3522,364.91,611.97,67.16,31.02,1.0,-1,-1,-1
175,3519,647.69,555.79,242.88,120.79,1.0,-1,-1,-1
175,3521,1718.43,872.81,116.17,56.68,1.0,-1,-1,-1
175,3523,2115.53,1141.74,226.22,127.06,1.0,-1,-1,-1
175,3524,1819.57,1108.72,238.76,169.10,1.0,-1,-1,-1
175,3525,654.60,555.81,229.42,120.63,1.0,-1,-1,-1
175,3526,422.53,461.31,112.18,42.25,1.0,-1,-1,-1
175,3522,363.66,611.42,68.23,31.68,1.0,-1,-1,-1
176,3519,634.03,557.18,244.28,120.51,1.0,-1,-1,-1
176,3521,1692.41,866.70,115.30,55.93,1.0,-1,-1,-1
176,3523,2167.19,1152.56,232.71,130.97,1.0,-1,-1,-1
176,3524,1868.45,1118.34,238.87,169.33,1.0,-1,-1,-1
176,3525,640.52,557.20,231.60,120.35,1.0,-1,-1,-1
176,3526,416.96,460.37,108.72,40.75,1.0,-1,-1,-1
176,3522,363.07,611.27,69.64,32.54,1.0,-1,-1,-1
177,3519,615.26,558.30,251.87,123.01,1.0,-1,-1,-1
177,3521,1664.87,860.62,116.34,56.36,1.0,-1,-1,-1
177,3523,2217.87,1161.62,232.18,130.47,1.0,-1,-1,-1
177,3524,1922.46,1129.56,237.92,168.00,1.0,-1,-1,-1
177,3525,621.44,558.31,239.72,122.90,1.0,-1,-1,-1
177,3526,404.48,460.05,111.45,41.62,1.0,-1,-1,-1
178,3519,597.64,559.33,256.34,123.93,1.0,-1,-1,-1
178,3521,1633.94,854.55,119.05,57.89,1.0,-1,-1,-1
178,3523,2271.47,1171.98,234.96,132.14,1.0,-1,-1,-1
178,3524,1969.36,1139.44,246.73,174.59,1.0,-1,-1,-1
178,3525,603.46,559.33,244.85,123.83,1.0,-1,-1,-1
178,3526,403.83,458.58,105.30,39.20,1.0,-1,-1,-1
179,3519,574.13,562.93,261.77,126.22,1.0,-1,-1,-1
179,3521,1600.79,847.17,123.64,60.46,1.0,-1,-1,-1
179,3523,2323.45,1184.11,237.09,133.36,1.0,-1,-1,-1
179,3524,2021.78,1150.71,251.53,178.31,1.0,-1,-1,-1
179,3525,579.51,562.95,251.04,126.14,1.0,-1,-1,-1
179,3526,399.51,456.65,107.82,40.37,1.0,-1,-1,-1
180,3519,559.44,561.64,261.84,125.76,1.0,-1,-1,-1
180,3521,1576.82,841.28,120.72,58.82,1.0,-1,-1,-1
180,3523,2377.78,1188.48,242.81,135.72,1.0,-1,-1,-1
180,3524,2075.26,1160.60,248.06,174.50,1.0,-1,-1,-1
180,3525,564.37,561.64,252.01,125.68,1.0,-1,-1,-1
180,3526,389.68,453.30,110.77,41.45,1.0,-1,-1,-1
180,3522,364.36,604.06,70.74,32.96,1.0,-1,-1,-1
181,3519,540.91,557.13,262.50,124.88,1.0,-1,-1,-1
181,3521,1552.88,831.28,118.14,57.52,1.0,-1,-1,-1
181,3523,2434.21,1189.87,248.02,138.51,1.0,-1,-1,-1
181,3524,2125.00,1159.42,256.28,179.45,1.0,-1,-1,-1
181,3525,545.44,557.10,253.43,124.81,1.0,-1,-1,-1
181,3526,371.48,448.09,122.71,45.84,1.0,-1,-1,-1
181,3522,364.25,596.99,73.48,34.37,1.0,-1,-1,-1
182,3519,518.45,547.44,276.25,131.77,1.0,-1,-1,-1
182,3521,1526.90,819.09,115.61,56.38,1.0,-1,-1,-1
182,3523,2473.10,1188.82,262.48,149.23,1.0,-1,-1,-1
182,3524,2183.05,1164.62,252.30,175.42,1.0,-1,-1,-1
182,3525,522.75,547.39,267.64,131.72,1.0,-1,-1,-1
182,3526,360.95,440.42,130.34,48.75,1.0,-1,-1,-1
182,3522,361.90,587.42,75.11,35.50,1.0,-1,-1,-1
183,3519,497.81,541.90,282.55,134.96,1.0,-1,-1,-1
183,3521,1506.18,806.12,109.70,53.29,1.0,-1,-1,-1
183,3523,2523.11,1194.01,236.12,137.45,1.0,-1,-1,-1
183,3524,2233.67,1162.94,264.64,183.61,1.0,-1,-1,-1
183,3525,501.80,541.85,274.56,134.92,1.0,-1,-1,-1
183,3526,355.35,428.46,128.38,47.97,1.0,-1,-1,-1
184,3519,475.82,536.50,280.96,134.22,1.0,-1,-1,-1
184,3523,2571.17,1198.93,201.24,122.28,1.0,-1,-1,-1
184,3524,2287.90,1162.19,278.06,193.72,1.0,-1,-1,-1
184,3525,479.42,536.45,273.73,134.18,1.0,-1,-1,-1
185,3519,455.74,527.89,288.29,138.44,1.0,-1,-1,-1
185,3524,2346.22,1164.27,285.96,200.14,1.0,-1,-1,-1
185,3525,459.08,527.83,281.58,138.41,1.0,-1,-1,-1
186,3519,433.89,523.37,297.09,143.88,1.0,-1,-1,-1
186,3524,2406.75,1171.92,287.42,201.28,1.0,-1,-1,-1
186,3525,437.00,523.32,290.83,143.86,1.0,-1,-1,-1
186,3526,343.16,407.31,127.11,48.12,1.0,-1,-1,-1
187,3519,408.82,519.76,299.31,145.30,1.0,-1,-1,-1
187,3524,2454.76,1185.06,284.65,201.58,1.0,-1,-1,-1
187,3525,411.65,519.71,293.59,145.28,1.0,-1,-1,-1
187,3526,334.85,403.78,129.44,50.07,1.0,-1,-1,-1
188,3519,390.56,522.32,296.89,144.48,1.0,-1,-1,-1
188,3524,2503.01,1198.37,260.00,188.58,1.0,-1,-1,-1
188,3525,393.12,522.28,291.74,144.46,1.0,-1,-1,-1
188,3526,331.74,403.19,125.50,49.42,1.0,-1,-1,-1
189,3519,374.08,526.02,295.22,144.08,1.0,-1,-1,-1
189,3525,376.38,525.99,290.58,144.06,1.0,-1,-1,-1
190,3519,345.75,528.81,303.89,149.11,1.0,-1,-1,-1
190,3525,347.90,528.78,299.56,149.09,1.0,-1,-1,-1
190,3524,2593.06,1218.60,206.50,161.03,1.0,-1,-1,-1
190,3526,328.24,397.55,118.68,47.55,1.0,-1,-1,-1
191,3519,327.05,533.13,298.80,146.44,1.0,-1,-1,-1
191,3525,328.96,533.10,294.94,146.43,1.0,-1,-1,-1
192,3519,306.18,534.22,301.95,148.59,1.0,-1,-1,-1
192,3525,307.93,534.19,298.41,148.58,1.0,-1,-1,-1
193,3519,277.01,538.55,304.39,149.36,1.0,-1,-1,-1
193,3525,278.61,538.53,301.16,149.34,1.0,-1,-1,-1
194,3519,254.07,543.49,307.95,150.91,1.0,-1,-1,-1
194,3525,255.54,543.48,305.00,150.89,1.0,-1,-1,-1
195,3519,232.83,548.64,300.36,146.22,1.0,-1,-1,-1
195,3525,234.11,548.62,297.76,146.21,1.0,-1,-1,-1
196,3519,194.73,551.26,313.99,152.97,1.0,-1,-1,-1
196,3525,195.95,551.25,311.53,152.96,1.0,-1,-1,-1
197,3519,169.41,549.61,326.10,157.37,1.0,-1,-1,-1
197,3525,170.55,549.60,323.80,157.36,1.0,-1,-1,-1
198,3519,137.46,557.99,331.22,160.33,1.0,-1,-1,-1
198,3525,138.51,557.98,329.10,160.32,1.0,-1,-1,-1
199,3519,105.99,551.47,350.84,169.84,1.0,-1,-1,-1
199,3525,107.00,551.46,348.81,169.84,1.0,-1,-1,-1
200,3519,62.26,548.95,376.66,183.66,1.0,-1,-1,-1
200,3525,63.25,548.94,374.68,183.65,1.0,-1,-1,-1
201,3519,35.39,558.02,370.04,180.19,1.0,-1,-1,-1
201,3525,36.27,558.02,368.28,180.18,1.0,-1,-1,-1
202,3519,10.83,563.67,372.42,180.48,1.0,-1,-1,-1
202,3525,11.62,563.66,370.82,180.48,1.0,-1,-1,-1
202,3522,358.40,548.00,79.26,37.98,1.0,-1,-1,-1
203,3519,-15.50,564.49,378.15,185.04,1.0,-1,-1,-1
203,3525,-14.77,564.49,376.67,185.04,1.0,-1,-1,-1
203,3522,358.02,547.37,77.90,37.35,1.0,-1,-1,-1
204,3519,-29.63,568.63,368.45,182.84,1.0,-1,-1,-1
204,3525,-28.97,568.62,367.13,182.84,1.0,-1,-1,-1
204,3522,358.42,547.17,75.03,35.80,1.0,-1,-1,-1
205,3519,-26.96,577.36,339.90,170.09,1.0,-1,-1,-1
205,3525,-26.41,577.35,338.79,170.08,1.0,-1,-1,-1
206,3519,-40.31,578.62,338.86,173.71,1.0,-1,-1,-1
206,3525,-39.80,578.62,337.84,173.71,1.0,-1,-1,-1
207,3519,-42.51,582.98,316.21,166.47,1.0,-1,-1,-1
207,3525,-42.08,582.98,315.34,166.47,1.0,-1,-1,-1
207,3527,968.77,896.60,141.25,72.80,1.0,-1,-1,-1
207,3528,488.00,422.00,51.00,26.00,1.0,-1,-1,-1
208,3519,-46.72,587.88,294.44,160.24,1.0,-1,-1,-1
208,3525,-46.34,587.87,293.69,160.24,1.0,-1,-1,-1
208,3527,993.38,902.18,147.21,75.97,1.0,-1,-1,-1
208,3528,485.01,421.23,52.36,26.77,1.0,-1,-1,-1
209,3519,-52.06,590.92,276.86,156.57,1.0,-1,-1,-1
209,3525,-51.73,590.92,276.20,156.57,1.0,-1,-1,-1
209,3527,1026.69,908.68,149.16,77.09,1.0,-1,-1,-1
209,3528,482.97,422.50,51.05,26.26,1.0,-1,-1,-1
209,3529,1301.87,927.60,168.45,85.80,1.0,-1,-1,-1
210,3527,1061.12,915.83,150.87,78.11,1.0,-1,-1,-1
210,3528,481.81,422.19,50.28,26.07,1.0,-1,-1,-1
210,3529,1335.16,935.47,163.01,82.93,1.0,-1,-1,-1
211,3527,1092.96,922.33,153.90,79.81,1.0,-1,-1,-1
211,3529,1374.80,945.28,170.21,86.63,1.0,-1,-1,-1
211,3519,-66.19,599.23,232.55,140.16,1.0,-1,-1,-1
212,3527,1125.16,929.93,152.33,78.97,1.0,-1,-1,-1
212,3529,1414.01,953.99,172.78,87.81,1.0,-1,-1,-1
212,3519,-75.17,602.73,213.26,138.81,1.0,-1,-1,-1
213,3527,1155.72,935.88,155.38,80.65,1.0,-1,-1,-1
213,3529,1449.30,963.07,176.39,89.60,1.0,-1,-1,-1
214,3527,1190.85,945.91,152.85,79.21,1.0,-1,-1,-1
214,3529,1491.23,974.97,174.20,88.11,1.0,-1,-1,-1
215,3527,1224.51,954.80,156.75,81.32,1.0,-1,-1,-1
215,3529,1533.00,983.74,176.38,88.89,1.0,-1,-1,-1
216,3527,1257.98,962.50,157.27,81.40,1.0,-1,-1,-1
216,3529,1570.53,991.34,187.95,94.58,1.0,-1,-1,-1
217,3527,1290.33,967.79,159.42,82.72,1.0,-1,-1,-1
217,3529,1613.31,1001.81,190.28,95.33,1.0,-1,-1,-1
217,3530,2592.84,887.80,114.32,64.00,1.0,-1,-1,-1
217,3528,438.43,424.93,41.32,21.15,1.0,-1,-1,-1
218,3527,1327.32,978.11,160.49,83.19,1.0,-1,-1,-1
218,3529,1655.08,1012.09,192.88,96.21,1.0,-1,-1,-1
218,3530,2570.24,885.64,124.83,69.40,1.0,-1,-1,-1
218,3528,432.18,425.06,41.92,20.91,1.0,-1,-1,-1
218,3522,349.59,549.58,74.98,35.01,1.0,-1,-1,-1
219,3527,1363.87,985.73,166.90,86.63,1.0,-1,-1,-1
219,3529,1700.79,1020.93,195.89,97.15,1.0,-1,-1,-1
219,3530,2542.95,881.93,129.64,71.23,1.0,-1,-1,-1
219,3528,427.03,425.80,43.07,20.83,1.0,-1,-1,-1
220,3527,1397.83,992.31,176.62,92.45,1.0,-1,-1,-1
220,3529,1746.85,1030.55,201.24,99.44,1.0,-1,-1,-1
220,3530,2512.07,878.52,127.14,68.76,1.0,-1,-1,-1
221,3527,1436.09,1001.06,175.72,92.11,1.0,-1,-1,-1
221,3529,1789.52,1041.09,207.17,102.22,1.0,-1,-1,-1
221,3530,2481.36,875.30,124.76,66.29,1.0,-1,-1,-1
222,3527,1474.90,1012.67,176.39,92.53,1.0,-1,-1,-1
222,3529,1837.78,1053.29,209.24,102.60,1.0,-1,-1,-1
222,3530,2453.27,871.49,122.81,63.97,1.0,-1,-1,-1
222,3522,353.18,549.02,74.30,35.00,1.0,-1,-1,-1
223,3527,1515.03,1022.73,181.14,95.25,1.0,-1,-1,-1
223,3529,1887.50,1062.88,214.63,105.30,1.0,-1,-1,-1
223,3530,2419.19,863.95,130.15,66.70,1.0,-1,-1,-1
224,3527,1559.30,1030.88,183.86,96.90,1.0,-1,-1,-1
224,3529,1936.78,1075.34,220.33,107.58,1.0,-1,-1,-1
224,3530,2388.03,860.07,133.99,67.65,1.0,-1,-1,-1
225,3527,1599.19,1042.18,189.47,100.08,1.0,-1,-1,-1
225,3529,1990.29,1085.66,223.25,109.06,1.0,-1,-1,-1
225,3530,2357.53,856.10,134.39,66.64,1.0,-1,-1,-1
225,3531,2624.99,1030.00,77.22,86.20,1.0,-1,-1,-1
226,3527,1642.89,1054.03,190.18,100.61,1.0,-1,-1,-1
226,3529,2038.85,1097.75,231.09,112.82,1.0,-1,-1,-1
226,3530,2327.85,853.45,134.45,65.57,1.0,-1,-1,-1
226,3531,2601.96,1019.34,82.78,90.62,1.0,-1,-1,-1
227,3527,1690.46,1064.17,190.82,100.76,1.0,-1,-1,-1
227,3529,2095.17,1109.84,235.46,114.22,1.0,-1,-1,-1
227,3530,2295.12,849.94,137.13,65.85,1.0,-1,-1,-1
227,3531,2568.38,1009.61,87.63,92.15,1.0,-1,-1,-1
228,3527,1732.48,1072.98,200.88,106.62,1.0,-1,-1,-1
228,3529,2147.37,1119.37,245.84,119.23,1.0,-1,-1,-1
228,3530,2267.76,845.44,139.31,65.95,1.0,-1,-1,-1
228,3531,2518.82,997.85,95.79,96.20,1.0,-1,-1,-1
229,3527,1781.44,1085.11,199.18,105.61,1.0,-1,-1,-1
229,3529,2203.29,1131.74,253.93,123.67,1.0,-1,-1,-1
229,3530,2239.44,842.57,139.86,65.32,1.0,-1,-1,-1
229,3531,2469.51,988.52,99.09,94.70,1.0,-1,-1,-1
230,3527,1828.25,1095.37,207.12,110.32,1.0,-1,-1,-1
230,3529,2264.09,1144.59,255.63,124.71,1.0,-1,-1,-1
230,3530,2212.93,839.65,138.13,63.75,1.0,-1,-1,-1
230,3531,2418.49,980.74,103.82,93.99,1.0,-1,-1,-1
230,3533,1393.65,718.00,209.09,105.60,1.0,-1,-1,-1
231,3527,1878.83,1107.41,208.23,110.79,1.0,-1,-1,-1
231,3529,2322.11,1155.06,265.71,130.19,1.0,-1,-1,-1
231,3530,2185.81,838.05,134.08,61.15,1.0,-1,-1,-1
231,3531,2368.89,972.83,106.33,90.91,1.0,-1,-1,-1
231,3533,1377.04,718.77,199.07,100.54,1.0,-1,-1,-1
232,3527,1931.33,1120.20,211.39,112.84,1.0,-1,-1,-1
232,3529,2386.88,1169.06,265.32,129.69,1.0,-1,-1,-1
232,3530,2156.82,831.53,140.59,63.59,1.0,-1,-1,-1
232,3531,2321.37,962.81,113.21,91.79,1.0,-1,-1,-1
233,3527,1982.94,1131.29,218.25,116.80,1.0,-1,-1,-1
233,3529,2445.12,1181.27,270.07,131.97,1.0,-1,-1,-1
233,3530,2129.69,828.60,139.14,62.49,1.0,-1,-1,-1
233,3531,2272.80,954.78,118.42,91.42,1.0,-1,-1,-1
234,3527,2033.22,1140.43,224.51,120.21,1.0,-1,-1,-1
234,3529,2503.23,1197.27,242.45,119.86,1.0,-1,-1,-1
234,3530,2101.43,824.99,139.02,62.07,1.0,-1,-1,-1
234,3531,2229.01,949.48,115.97,85.19,1.0,-1,-1,-1
234,3534,2612.00,913.80,95.40,58.60,1.0,-1,-1,-1
235,3527,2090.33,1155.88,230.04,123.40,1.0,-1,-1,-1
235,3529,2558.76,1214.99,202.68,103.35,1.0,-1,-1,-1
235,3530,2072.35,821.13,141.57,63.26,1.0,-1,-1,-1
235,3531,2186.60,941.84,115.45,80.74,1.0,-1,-1,-1
235,3534,2591.93,912.39,103.22,62.82,1.0,-1,-1,-1
236,3527,2145.98,1167.37,232.58,125.22,1.0,-1,-1,-1
236,3530,2046.49,816.50,141.37,63.05,1.0,-1,-1,-1
236,3531,2143.52,935.35,120.40,80.58,1.0,-1,-1,-1
236,3534,2566.98,905.15,112.33,67.22,1.0,-1,-1,-1
237,3527,2211.21,1184.39,223.91,120.05,1.0,-1,-1,-1
237,3530,2022.18,812.25,138.81,61.65,1.0,-1,-1,-1
237,3531,2100.15,927.88,128.07,82.59,1.0,-1,-1,-1
237,3534,2538.70,901.26,112.81,65.74,1.0,-1,-1,-1
238,3527,2268.50,1195.82,241.31,129.77,1.0,-1,-1,-1
238,3530,1993.97,808.81,138.99,61.79,1.0,-1,-1,-1
238,3531,2055.63,920.73,132.11,82.68,1.0,-1,-1,-1
238,3534,2504.15,899.39,121.23,69.27,1.0,-1,-1,-1
239,3527,2329.38,1208.25,250.23,135.21,1.0,-1,-1,-1
239,3530,1972.35,807.01,134.06,59.20,1.0,-1,-1,-1
239,3531,2015.49,914.37,131.86,80.07,1.0,-1,-1,-1
239,3534,2472.33,894.75,122.67,68.40,1.0,-1,-1,-1
239,3535,-0.84,405.20,106.28,51.60,1.0,-1,-1,-1
240,3527,2390.24,1219.81,260.54,141.76,1.0,-1,-1,-1
240,3530,1947.47,803.83,134.08,58.90,1.0,-1,-1,-1
240,3531,1977.38,906.97,133.35,79.11,1.0,-1,-1,-1
240,3534,2440.39,889.76,127.18,69.30,1.0,-1,-1,-1
240,3535,-2.47,405.05,106.78,51.91,1.0,-1,-1,-1
241,3527,2451.72,1235.48,264.70,144.27,1.0,-1,-1,-1
241,3530,1923.35,800.11,137.21,60.15,1.0,-1,-1,-1
241,3531,1935.08,898.50,141.23,82.15,1.0,-1,-1,-1
241,3534,2408.10,886.05,132.76,70.91,1.0,-1,-1,-1
241,3535,-3.66,405.77,103.60,50.47,1.0,-1,-1,-1
241,3536,1.25,607.40,49.90,41.20,1.0,-1,-1,-1
242,3527,2500.23,1249.61,260.29,146.43,1.0,-1,-1,-1
242,3530,1899.30,795.54,139.20,61.28,1.0,-1,-1,-1
242,3531,1896.97,892.29,141.94,80.64,1.0,-1,-1,-1
242,3534,2378.40,882.14,134.03,70.14,1.0,-1,-1,-1
242,3536,4.90,608.60,49.06,40.30,1.0,-1,-1,-1
243,3527,2555.73,1264.39,226.82,133.67,1.0,-1,-1,-1
243,3530,1872.36,790.65,143.97,63.69,1.0,-1,-1,-1
243,3531,1860.71,886.96,143.51,80.07,1.0,-1,-1,-1
243,3534,2349.71,878.15,133.54,68.43,1.0,-1,-1,-1
243,3535,-5.59,405.13,102.10,50.00,1.0,-1,-1,-1
244,3530,1851.41,785.65,140.16,62.00,1.0,-1,-1,-1
244,3531,1824.48,880.60,143.29,78.54,1.0,-1,-1,-1
244,3534,2322.67,874.15,132.62,66.39,1.0,-1,-1,-1
244,3535,-7.69,404.25,104.15,51.45,1.0,-1,-1,-1
245,3530,1826.11,779.25,142.52,63.32,1.0,-1,-1,-1
245,3531,1786.99,872.50,146.29,79.33,1.0,-1,-1,-1
245,3534,2292.06,870.80,133.95,65.59,1.0,-1,-1,-1
245,3535,-10.54,403.97,105.06,52.61,1.0,-1,-1,-1
246,3530,1805.66,775.68,138.00,61.19,1.0,-1,-1,-1
246,3531,1750.80,865.10,148.17,78.97,1.0,-1,-1,-1
246,3534,2261.57,864.35,135.33,65.28,1.0,-1,-1,-1
246,3535,-11.95,403.88,104.20,53.02,1.0,-1,-1,-1
247,3530,1785.26,773.86,131.94,58.35,1.0,-1,-1,-1
247,3531,1718.54,858.62,144.79,76.19,1.0,-1,-1,-1
247,3534,2232.12,859.43,142.10,67.83,1.0,-1,-1,-1
247,3535,-13.95,403.19,102.28,53.15,1.0,-1,-1,-1
248,3530,1764.18,772.70,127.98,56.63,1.0,-1,-1,-1
248,3531,1684.53,853.18,144.57,75.17,1.0,-1,-1,-1
248,3534,2202.94,856.40,145.83,68.77,1.0,-1,-1,-1
248,3535,-18.97,402.28,102.86,55.19,1.0,-1,-1,-1
249,3530,1742.25,769.05,128.62,56.69,1.0,-1,-1,-1
249,3531,1650.23,848.09,143.99,74.15,1.0,-1,-1,-1
249,3534,2176.03,854.76,146.02,68.45,1.0,-1,-1,-1
249,3535,-19.26,403.26,96.11,53.31,1.0,-1,-1,-1
250,3530,1721.35,765.83,128.87,56.74,1.0,-1,-1,-1
250,3531,1616.24,842.47,144.47,73.80,1.0,-1,-1,-1
250,3534,2151.11,852.98,140.66,65.00,1.0,-1,-1,-1
250,3535,-19.76,403.67,92.49,53.21,1.0,-1,-1,-1
251,3530,1700.27,761.44,130.11,57.44,1.0,-1,-1,-1
251,3531,1583.91,837.97,144.20,73.03,1.0,-1,-1,-1
251,3534,2122.43,849.82,142.86,65.68,1.0,-1,-1,-1
251,3535,-19.28,404.50,86.67,51.83,1.0,-1,-1,-1
252,3530,1680.66,756.61,131.89,58.37,1.0,-1,-1,-1
252,3531,1549.81,831.88,147.08,74.11,1.0,-1,-1,-1
252,3534,2096.38,846.11,143.19,65.26,1.0,-1,-1,-1
253,3530,1655.76,752.95,133.68,59.40,1.0,-1,-1,-1
253,3531,1520.77,827.18,141.57,70.56,1.0,-1,-1,-1
253,3534,2070.11,842.86,145.22,65.76,1.0,-1,-1,-1
254,3530,1634.89,750.38,133.89,59.79,1.0,-1,-1,-1
254,3531,1495.23,823.73,137.39,67.87,1.0,-1,-1,-1
254,3534,2046.46,841.77,141.13,63.30,1.0,-1,-1,-1
255,3530,1616.77,750.21,131.10,58.62,1.0,-1,-1,-1
255,3531,1464.96,820.02,136.67,66.93,1.0,-1,-1,-1
255,3534,2019.69,840.87,142.97,63.70,1.0,-1,-1,-1
256,3530,1600.50,749.64,123.59,55.52,1.0,-1,-1,-1
256,3531,1435.78,816.18,138.92,67.99,1.0,-1,-1,-1
256,3534,1997.84,839.97,141.45,62.53,1.0,-1,-1,-1
257,3530,1585.14,750.28,118.63,53.67,1.0,-1,-1,-1
257,3531,1402.22,812.95,139.67,68.40,1.0,-1,-1,-1
257,3534,1975.40,839.10,140.27,61.42,1.0,-1,-1,-1
258,3531,1376.50,813.29,131.63,64.59,1.0,-1,-1,-1
258,3534,1949.48,838.21,138.95,60.35,1.0,-1,-1,-1
259,3534,1922.61,837.32,138.91,59.97,1.0,-1,-1,-1
260,3534,1901.08,835.73,136.63,58.51,1.0,-1,-1,-1
260,3530,1525.99,745.43,114.72,52.16,1.0,-1,-1,-1
261,3534,1875.19,830.53,142.27,60.68,1.0,-1,-1,-1
261,3537,153.65,572.80,58.09,33.60,1.0,-1,-1,-1
261,3530,1515.24,745.07,106.76,48.56,1.0,-1,-1,-1
262,3534,1847.71,825.40,148.63,63.44,1.0,-1,-1,-1
263,3534,1821.26,822.87,146.22,62.55,1.0,-1,-1,-1
263,3537,125.73,567.45,59.11,33.97,1.0,-1,-1,-1
264,3534,1796.54,818.06,148.23,63.51,1.0,-1,-1,-1
264,3537,111.70,563.58,58.24,33.26,1.0,-1,-1,-1
265,3534,1771.72,813.73,147.53,63.22,1.0,-1,-1,-1
265,3537,98.27,561.00,60.87,34.51,1.0,-1,-1,-1
