1,1046,636.00,598.00,95.00,125.00,1.0,-1,-1,-1
1,1047,1105.00,445.00,103.00,100.00,1.0,-1,-1,-1
1,1048,281.00,644.00,132.00,116.00,1.0,-1,-1,-1
1,1049,507.00,207.00,40.00,39.00,1.0,-1,-1,-1
1,1050,632.00,231.00,14.00,31.00,1.0,-1,-1,-1
1,1051,554.00,247.00,56.00,53.00,1.0,-1,-1,-1
1,1052,679.00,298.00,48.00,43.00,1.0,-1,-1,-1
1,1053,736.00,151.00,34.00,28.00,1.0,-1,-1,-1
1,1054,884.00,208.00,38.00,33.00,1.0,-1,-1,-1
2,1046,635.72,584.12,95.57,125.87,1.0,-1,-1,-1
2,1047,1107.63,450.21,101.21,98.26,1.0,-1,-1,-1
2,1048,284.11,664.83,113.63,99.51,1.0,-1,-1,-1
2,1049,505.25,207.87,40.89,39.87,1.0,-1,-1,-1
2,1050,631.03,233.60,12.47,27.53,1.0,-1,-1,-1
2,1051,554.05,251.34,54.17,51.26,1.0,-1,-1,-1
2,1052,678.17,298.00,47.92,43.00,1.0,-1,-1,-1
2,1053,736.42,151.00,34.02,28.00,1.0,-1,-1,-1
2,1054,884.91,209.74,37.04,32.13,1.0,-1,-1,-1
3,1046,636.40,573.18,92.65,122.13,1.0,-1,-1,-1
3,1047,1111.59,455.02,99.38,96.40,1.0,-1,-1,-1
3,1048,292.54,693.98,79.84,68.60,1.0,-1,-1,-1
3,1049,503.80,208.02,41.80,40.79,1.0,-1,-1,-1
3,1050,629.43,234.86,12.64,27.76,1.0,-1,-1,-1
3,1052,678.43,294.88,47.90,43.00,1.0,-1,-1,-1
3,1053,737.34,151.78,33.11,27.22,1.0,-1,-1,-1
3,1055,523.89,423.80,72.62,89.80,1.0,-1,-1,-1
3,1056,760.57,216.00,39.86,36.80,1.0,-1,-1,-1
4,1046,635.51,560.75,95.48,126.36,1.0,-1,-1,-1
4,1047,1114.27,457.17,100.46,97.41,1.0,-1,-1,-1
4,1049,504.10,208.80,41.36,40.32,1.0,-1,-1,-1
4,1050,627.32,235.17,13.74,30.19,1.0,-1,-1,-1
4,1052,676.88,291.61,50.40,45.29,1.0,-1,-1,-1
4,1053,736.71,151.25,34.65,28.53,1.0,-1,-1,-1
4,1051,549.94,258.44,55.74,52.79,1.0,-1,-1,-1
5,1046,637.21,550.59,91.70,121.88,1.0,-1,-1,-1
5,1047,1119.90,462.13,100.64,97.77,1.0,-1,-1,-1
5,1049,503.15,209.05,41.92,40.87,1.0,-1,-1,-1
5,1050,625.26,235.24,14.09,30.96,1.0,-1,-1,-1
5,1052,676.87,289.90,49.53,44.59,1.0,-1,-1,-1
5,1053,735.72,150.35,35.96,29.66,1.0,-1,-1,-1
5,1057,801.87,244.80,70.66,42.20,1.0,-1,-1,-1
5,1051,548.48,263.19,56.13,53.11,1.0,-1,-1,-1
5,1055,515.38,443.77,78.49,97.18,1.0,-1,-1,-1
6,1046,638.84,541.89,87.58,116.66,1.0,-1,-1,-1
6,1047,1121.27,465.10,102.95,100.05,1.0,-1,-1,-1
6,1049,502.47,209.82,42.15,41.04,1.0,-1,-1,-1
6,1050,623.74,235.23,14.49,31.90,1.0,-1,-1,-1
6,1052,677.67,288.00,47.62,42.85,1.0,-1,-1,-1
6,1053,735.38,150.04,37.09,30.75,1.0,-1,-1,-1
6,1057,800.70,245.73,70.37,42.04,1.0,-1,-1,-1
6,1051,545.20,266.80,58.40,55.32,1.0,-1,-1,-1
6,1055,508.20,455.27,81.43,100.65,1.0,-1,-1,-1
6,1054,886.02,211.97,37.89,32.96,1.0,-1,-1,-1
7,1046,637.51,531.55,89.26,119.26,1.0,-1,-1,-1
7,1047,1123.37,467.39,105.79,102.92,1.0,-1,-1,-1
7,1049,501.60,210.08,42.85,41.78,1.0,-1,-1,-1
7,1050,621.68,237.24,14.37,31.53,1.0,-1,-1,-1
7,1057,798.76,247.60,70.25,41.99,1.0,-1,-1,-1
7,1051,542.97,271.37,58.71,55.39,1.0,-1,-1,-1
7,1054,886.10,212.13,38.68,33.76,1.0,-1,-1,-1
8,1046,638.49,524.17,84.90,113.27,1.0,-1,-1,-1
8,1047,1125.61,470.80,106.34,103.27,1.0,-1,-1,-1
8,1049,502.23,212.88,39.89,38.64,1.0,-1,-1,-1
8,1050,620.12,237.98,14.00,30.66,1.0,-1,-1,-1
8,1057,794.99,248.90,75.12,44.99,1.0,-1,-1,-1
8,1051,539.13,276.99,60.88,57.41,1.0,-1,-1,-1
8,1054,886.17,212.86,38.85,34.03,1.0,-1,-1,-1
8,1052,678.12,284.85,45.80,41.31,1.0,-1,-1,-1
8,1053,734.94,149.16,38.97,32.68,1.0,-1,-1,-1
9,1046,640.27,516.49,81.18,108.32,1.0,-1,-1,-1
9,1047,1127.70,474.63,109.13,106.05,1.0,-1,-1,-1
9,1049,501.14,212.50,41.51,40.22,1.0,-1,-1,-1
9,1050,618.56,240.26,13.93,30.31,1.0,-1,-1,-1
9,1057,793.76,250.00,75.39,45.26,1.0,-1,-1,-1
9,1051,536.76,281.60,61.05,57.46,1.0,-1,-1,-1
9,1054,887.25,213.11,38.12,33.43,1.0,-1,-1,-1
9,1058,1016.09,151.80,34.02,27.20,1.0,-1,-1,-1
9,1052,677.58,284.43,44.59,40.31,1.0,-1,-1,-1
9,1053,734.31,147.00,41.12,35.00,1.0,-1,-1,-1
10,1046,641.43,509.34,76.75,102.49,1.0,-1,-1,-1
10,1047,1133.30,477.93,108.27,105.73,1.0,-1,-1,-1
10,1049,501.64,214.38,38.97,37.41,1.0,-1,-1,-1
10,1050,616.26,239.71,14.79,32.21,1.0,-1,-1,-1
10,1057,791.89,250.34,76.37,46.00,1.0,-1,-1,-1
10,1051,533.66,285.84,60.34,56.76,1.0,-1,-1,-1
10,1054,887.99,213.18,38.49,33.87,1.0,-1,-1,-1
10,1058,1016.39,151.18,34.82,27.82,1.0,-1,-1,-1
10,1052,677.45,281.57,45.50,41.36,1.0,-1,-1,-1
10,1053,734.61,147.53,40.17,34.52,1.0,-1,-1,-1
10,1060,779.01,350.00,18.98,38.00,1.0,-1,-1,-1
11,1046,640.65,500.97,77.60,103.38,1.0,-1,-1,-1
11,1047,1136.23,481.71,106.06,104.22,1.0,-1,-1,-1
11,1049,500.48,213.67,41.47,39.79,1.0,-1,-1,-1
11,1050,614.31,240.80,15.43,33.54,1.0,-1,-1,-1
11,1057,790.68,252.45,74.50,44.88,1.0,-1,-1,-1
11,1051,529.07,290.61,63.06,59.80,1.0,-1,-1,-1
11,1054,888.51,213.86,38.77,34.03,1.0,-1,-1,-1
11,1058,1017.65,150.97,35.07,28.03,1.0,-1,-1,-1
11,1052,677.44,278.58,45.09,41.07,1.0,-1,-1,-1
11,1053,735.58,149.09,39.40,34.30,1.0,-1,-1,-1
11,1060,779.03,350.00,18.94,38.00,1.0,-1,-1,-1
12,1046,642.14,493.54,73.05,96.92,1.0,-1,-1,-1
12,1047,1141.47,486.33,104.02,102.27,1.0,-1,-1,-1
12,1049,501.01,215.40,39.17,37.30,1.0,-1,-1,-1
12,1050,613.59,242.50,15.08,32.74,1.0,-1,-1,-1
12,1057,789.62,253.19,75.85,45.78,1.0,-1,-1,-1
12,1051,527.22,296.19,63.80,60.91,1.0,-1,-1,-1
12,1054,889.41,214.76,38.77,34.08,1.0,-1,-1,-1
12,1052,677.50,276.20,44.16,40.29,1.0,-1,-1,-1
12,1053,737.10,151.67,36.78,32.22,1.0,-1,-1,-1
12,1060,779.06,350.00,18.89,38.00,1.0,-1,-1,-1
12,1055,479.16,534.91,96.04,119.27,1.0,-1,-1,-1
13,1046,642.56,485.08,71.68,93.99,1.0,-1,-1,-1
13,1047,1145.47,489.25,105.58,104.19,1.0,-1,-1,-1
13,1050,611.91,244.46,14.59,31.72,1.0,-1,-1,-1
13,1057,789.90,254.09,75.08,45.42,1.0,-1,-1,-1
13,1051,524.10,300.15,65.17,62.61,1.0,-1,-1,-1
13,1054,889.66,215.08,38.89,34.09,1.0,-1,-1,-1
13,1052,677.55,274.06,43.79,40.01,1.0,-1,-1,-1
13,1053,737.01,151.98,36.41,32.08,1.0,-1,-1,-1
13,1060,778.88,349.25,19.24,38.75,1.0,-1,-1,-1
13,1056,762.99,224.95,39.00,36.00,1.0,-1,-1,-1
13,1058,1019.49,152.67,34.07,27.18,1.0,-1,-1,-1
14,1046,642.14,477.63,70.98,92.40,1.0,-1,-1,-1
14,1047,1146.21,492.21,108.77,107.54,1.0,-1,-1,-1
14,1050,610.18,244.48,14.74,31.99,1.0,-1,-1,-1
14,1057,789.29,255.05,73.66,44.59,1.0,-1,-1,-1
14,1051,521.28,306.73,65.18,62.58,1.0,-1,-1,-1
14,1054,890.00,215.85,39.08,34.08,1.0,-1,-1,-1
14,1052,677.30,272.01,43.53,39.92,1.0,-1,-1,-1
14,1053,737.04,152.09,36.16,32.03,1.0,-1,-1,-1
14,1060,780.21,351.16,17.31,34.69,1.0,-1,-1,-1
14,1049,496.80,215.35,43.87,41.79,1.0,-1,-1,-1
15,1046,641.53,471.20,69.65,89.89,1.0,-1,-1,-1
15,1047,1148.44,494.53,113.04,112.71,1.0,-1,-1,-1
15,1050,608.13,244.47,15.07,32.74,1.0,-1,-1,-1
15,1057,788.66,256.03,74.05,44.94,1.0,-1,-1,-1
15,1051,517.82,311.72,66.16,63.83,1.0,-1,-1,-1
15,1054,891.51,217.44,38.32,33.41,1.0,-1,-1,-1
15,1052,677.51,269.99,42.18,38.56,1.0,-1,-1,-1
15,1060,780.66,351.86,16.66,33.23,1.0,-1,-1,-1
15,1049,494.99,215.92,44.81,42.79,1.0,-1,-1,-1
15,1055,454.66,573.88,114.56,144.57,1.0,-1,-1,-1
15,1058,1021.46,153.88,33.90,26.99,1.0,-1,-1,-1
16,1046,641.05,464.47,69.05,88.44,1.0,-1,-1,-1
16,1047,1151.17,497.91,113.31,113.36,1.0,-1,-1,-1
16,1050,606.76,245.09,15.18,33.02,1.0,-1,-1,-1
16,1057,786.21,256.36,78.03,47.72,1.0,-1,-1,-1
16,1051,515.00,316.74,67.09,64.93,1.0,-1,-1,-1
16,1054,892.02,218.03,38.79,33.82,1.0,-1,-1,-1
16,1060,780.76,351.34,16.52,32.80,1.0,-1,-1,-1
16,1049,495.03,216.77,43.74,41.85,1.0,-1,-1,-1
16,1055,445.72,590.82,120.81,153.89,1.0,-1,-1,-1
16,1058,1022.80,154.07,33.92,27.00,1.0,-1,-1,-1
16,1053,738.33,155.27,34.27,30.44,1.0,-1,-1,-1
17,1046,641.41,458.28,67.82,85.97,1.0,-1,-1,-1
17,1047,1156.22,501.05,110.36,110.95,1.0,-1,-1,-1
17,1050,604.45,244.64,15.64,34.42,1.0,-1,-1,-1
17,1057,785.43,257.75,79.28,48.74,1.0,-1,-1,-1
17,1051,512.09,322.41,68.64,66.61,1.0,-1,-1,-1
17,1054,892.52,218.88,38.31,33.31,1.0,-1,-1,-1
17,1060,780.27,351.16,16.82,33.39,1.0,-1,-1,-1
17,1049,494.17,217.08,43.84,42.11,1.0,-1,-1,-1
17,1055,442.59,606.62,118.88,153.10,1.0,-1,-1,-1
17,1058,1024.29,154.12,34.56,27.69,1.0,-1,-1,-1
17,1053,740.00,158.03,32.45,28.69,1.0,-1,-1,-1
17,1052,678.00,266.74,40.80,37.24,1.0,-1,-1,-1
18,1046,640.64,451.61,67.86,85.20,1.0,-1,-1,-1
18,1047,1159.89,503.43,112.75,113.92,1.0,-1,-1,-1
18,1050,602.89,245.74,15.96,35.59,1.0,-1,-1,-1
18,1057,785.57,260.87,77.66,47.82,1.0,-1,-1,-1
18,1051,505.72,328.33,71.48,69.82,1.0,-1,-1,-1
18,1054,893.08,219.18,38.66,33.78,1.0,-1,-1,-1
18,1060,779.25,349.72,18.62,37.06,1.0,-1,-1,-1
18,1049,493.93,217.84,43.08,41.54,1.0,-1,-1,-1
18,1055,439.86,621.37,113.06,146.21,1.0,-1,-1,-1
18,1058,1025.99,154.80,33.75,27.27,1.0,-1,-1,-1
18,1053,740.42,158.95,32.10,28.10,1.0,-1,-1,-1
18,1052,677.63,264.20,42.21,38.42,1.0,-1,-1,-1
19,1046,641.89,444.74,66.25,82.29,1.0,-1,-1,-1
19,1047,1164.04,508.15,111.81,113.05,1.0,-1,-1,-1
19,1050,601.36,246.15,15.47,34.74,1.0,-1,-1,-1
19,1057,786.20,262.03,75.97,46.77,1.0,-1,-1,-1
19,1051,502.55,334.33,72.20,71.03,1.0,-1,-1,-1
19,1060,778.24,349.20,19.24,38.37,1.0,-1,-1,-1
19,1049,494.21,218.77,42.11,40.64,1.0,-1,-1,-1
19,1053,740.62,159.25,32.55,28.58,1.0,-1,-1,-1
19,1052,677.35,262.67,43.00,39.48,1.0,-1,-1,-1
19,1056,763.55,229.05,40.86,37.88,1.0,-1,-1,-1
20,1046,641.78,438.50,65.46,80.66,1.0,-1,-1,-1
20,1047,1166.10,509.18,114.16,115.95,1.0,-1,-1,-1
20,1050,599.41,246.93,14.85,33.72,1.0,-1,-1,-1
20,1057,786.29,263.09,77.02,47.68,1.0,-1,-1,-1
20,1051,499.06,341.67,73.29,72.75,1.0,-1,-1,-1
20,1060,777.35,349.01,18.50,36.91,1.0,-1,-1,-1
20,1049,494.08,219.77,41.60,40.29,1.0,-1,-1,-1
20,1053,739.62,158.67,33.50,29.44,1.0,-1,-1,-1
20,1052,676.88,260.20,43.38,39.88,1.0,-1,-1,-1
20,1054,892.85,219.32,38.98,33.97,1.0,-1,-1,-1
20,1055,446.41,656.87,88.62,110.93,1.0,-1,-1,-1
20,1058,1028.04,157.48,31.55,25.48,1.0,-1,-1,-1
21,1046,641.28,432.46,65.46,80.18,1.0,-1,-1,-1
21,1047,1172.84,516.64,108.12,109.86,1.0,-1,-1,-1
21,1050,597.68,247.87,15.40,34.65,1.0,-1,-1,-1
21,1057,786.19,264.75,76.41,47.35,1.0,-1,-1,-1
21,1051,494.20,347.58,77.03,77.24,1.0,-1,-1,-1
21,1060,776.64,348.27,18.28,36.33,1.0,-1,-1,-1
21,1049,492.76,220.12,42.02,40.81,1.0,-1,-1,-1
21,1053,738.49,158.43,34.05,29.76,1.0,-1,-1,-1
21,1052,677.06,258.68,42.17,38.71,1.0,-1,-1,-1
21,1054,893.14,220.62,39.58,34.67,1.0,-1,-1,-1
21,1055,453.91,680.28,71.34,86.14,1.0,-1,-1,-1
21,1058,1028.65,158.02,31.14,25.08,1.0,-1,-1,-1
21,1056,764.47,230.92,40.04,37.22,1.0,-1,-1,-1
22,1046,641.99,427.17,64.40,78.05,1.0,-1,-1,-1
22,1047,1175.62,520.72,109.74,112.08,1.0,-1,-1,-1
22,1050,596.10,249.50,14.95,33.02,1.0,-1,-1,-1
22,1057,786.39,266.00,75.10,46.55,1.0,-1,-1,-1
22,1051,490.52,356.74,76.48,77.04,1.0,-1,-1,-1
22,1049,491.67,220.89,41.42,40.34,1.0,-1,-1,-1
22,1053,740.10,159.64,32.14,27.91,1.0,-1,-1,-1
22,1052,677.43,257.54,41.11,37.58,1.0,-1,-1,-1
22,1054,893.24,221.74,39.13,34.26,1.0,-1,-1,-1
22,1058,1028.83,158.20,31.71,25.62,1.0,-1,-1,-1
22,1061,1146.94,402.40,161.73,68.60,1.0,-1,-1,-1
22,1056,765.29,232.61,38.55,35.68,1.0,-1,-1,-1
23,1046,641.37,421.48,64.45,77.37,1.0,-1,-1,-1
23,1050,593.26,250.10,15.41,33.71,1.0,-1,-1,-1
23,1057,786.42,267.09,75.40,46.90,1.0,-1,-1,-1
23,1051,486.81,364.05,77.09,78.17,1.0,-1,-1,-1
23,1049,490.94,221.82,41.22,40.15,1.0,-1,-1,-1
23,1053,741.02,160.07,32.18,27.88,1.0,-1,-1,-1
23,1054,893.54,222.80,39.06,34.10,1.0,-1,-1,-1
23,1058,1030.30,158.91,31.05,25.16,1.0,-1,-1,-1
23,1056,765.63,233.18,38.59,35.82,1.0,-1,-1,-1
24,1046,641.20,414.94,64.38,76.52,1.0,-1,-1,-1
24,1050,591.26,250.96,14.96,32.64,1.0,-1,-1,-1
24,1057,786.22,268.11,74.64,46.37,1.0,-1,-1,-1
24,1051,482.12,371.22,78.84,80.50,1.0,-1,-1,-1
24,1049,490.61,223.48,40.65,39.42,1.0,-1,-1,-1
24,1053,740.93,160.21,32.33,27.88,1.0,-1,-1,-1
24,1054,894.93,223.83,39.09,34.04,1.0,-1,-1,-1
24,1058,1030.41,158.48,32.29,26.34,1.0,-1,-1,-1
24,1056,766.34,234.03,38.09,35.21,1.0,-1,-1,-1
24,1047,1185.97,530.37,109.32,112.14,1.0,-1,-1,-1
24,1052,677.31,253.13,40.43,37.11,1.0,-1,-1,-1
24,1061,1129.76,401.14,163.24,69.86,1.0,-1,-1,-1
25,1046,641.63,410.12,63.41,74.93,1.0,-1,-1,-1
25,1050,589.77,251.24,15.06,32.89,1.0,-1,-1,-1
25,1057,786.90,269.77,73.57,45.49,1.0,-1,-1,-1
25,1051,479.98,380.89,77.12,78.79,1.0,-1,-1,-1
25,1049,489.02,224.07,42.77,41.14,1.0,-1,-1,-1
25,1053,740.51,159.57,33.15,28.55,1.0,-1,-1,-1
25,1058,1031.49,159.63,31.93,26.11,1.0,-1,-1,-1
25,1056,766.26,234.31,38.58,35.66,1.0,-1,-1,-1
25,1047,1188.81,533.47,113.41,117.44,1.0,-1,-1,-1
25,1052,676.61,250.34,41.67,38.38,1.0,-1,-1,-1
25,1061,1130.21,404.68,165.71,71.57,1.0,-1,-1,-1
26,1046,641.72,404.58,63.90,75.10,1.0,-1,-1,-1
26,1050,588.21,250.67,15.26,33.64,1.0,-1,-1,-1
26,1057,786.24,270.34,74.35,45.83,1.0,-1,-1,-1
26,1051,474.96,389.00,78.55,80.65,1.0,-1,-1,-1
26,1049,487.77,224.28,44.89,43.07,1.0,-1,-1,-1
26,1053,739.68,159.98,34.79,30.13,1.0,-1,-1,-1
26,1058,1032.24,160.71,31.06,25.36,1.0,-1,-1,-1
26,1056,765.91,234.38,39.37,36.49,1.0,-1,-1,-1
26,1047,1192.45,535.86,114.75,119.94,1.0,-1,-1,-1
26,1052,676.43,248.73,41.31,38.17,1.0,-1,-1,-1
26,1061,1134.55,405.82,163.46,71.40,1.0,-1,-1,-1
26,1063,666.82,662.20,120.15,102.60,1.0,-1,-1,-1
26,1064,950.19,237.00,74.22,36.60,1.0,-1,-1,-1
26,1054,897.03,225.07,40.04,34.79,1.0,-1,-1,-1
27,1046,641.38,399.43,62.17,72.53,1.0,-1,-1,-1
27,1050,585.65,252.40,15.44,33.92,1.0,-1,-1,-1
27,1057,787.08,270.52,74.49,45.95,1.0,-1,-1,-1
27,1051,469.13,398.38,81.28,83.91,1.0,-1,-1,-1
27,1049,486.27,224.33,45.86,43.81,1.0,-1,-1,-1
27,1053,739.10,159.48,35.95,31.37,1.0,-1,-1,-1
27,1058,1032.76,161.10,30.84,25.08,1.0,-1,-1,-1
27,1056,765.50,233.73,40.21,37.47,1.0,-1,-1,-1
27,1047,1198.79,539.89,109.00,114.38,1.0,-1,-1,-1
27,1052,675.73,246.88,41.82,38.74,1.0,-1,-1,-1
27,1061,1145.09,411.80,159.05,69.89,1.0,-1,-1,-1
27,1064,950.42,237.00,76.35,37.66,1.0,-1,-1,-1
27,1054,896.99,225.93,41.16,35.63,1.0,-1,-1,-1
28,1046,641.62,395.13,60.82,70.29,1.0,-1,-1,-1
28,1050,584.45,253.03,15.44,34.02,1.0,-1,-1,-1
28,1057,786.21,271.20,75.62,46.66,1.0,-1,-1,-1
28,1051,463.75,406.95,84.27,87.70,1.0,-1,-1,-1
28,1049,485.39,224.98,46.24,44.08,1.0,-1,-1,-1
28,1053,738.94,159.27,36.25,31.85,1.0,-1,-1,-1
28,1058,1032.40,159.88,33.15,26.99,1.0,-1,-1,-1
28,1047,1209.21,550.59,98.43,102.13,1.0,-1,-1,-1
28,1052,675.90,244.94,41.14,38.30,1.0,-1,-1,-1
28,1061,1143.40,410.41,161.64,72.10,1.0,-1,-1,-1
28,1064,952.01,238.52,75.59,37.27,1.0,-1,-1,-1
28,1054,897.30,226.23,41.55,35.93,1.0,-1,-1,-1
28,1063,653.54,639.86,144.24,124.23,1.0,-1,-1,-1
29,1046,641.91,391.11,59.27,67.51,1.0,-1,-1,-1
29,1050,582.10,253.25,15.41,34.06,1.0,-1,-1,-1
29,1057,785.07,271.42,77.04,47.58,1.0,-1,-1,-1
29,1051,456.26,415.22,89.38,93.61,1.0,-1,-1,-1
29,1049,484.39,225.20,47.09,44.82,1.0,-1,-1,-1
29,1053,739.89,160.48,34.33,30.08,1.0,-1,-1,-1
29,1058,1031.90,160.08,34.05,27.68,1.0,-1,-1,-1
29,1047,1213.79,554.36,98.81,103.05,1.0,-1,-1,-1
29,1052,676.25,243.63,39.66,36.80,1.0,-1,-1,-1
29,1061,1142.27,413.24,164.98,74.90,1.0,-1,-1,-1
29,1064,952.47,239.77,75.37,37.11,1.0,-1,-1,-1
29,1054,897.67,226.97,41.81,36.03,1.0,-1,-1,-1
29,1063,646.36,626.70,154.72,135.21,1.0,-1,-1,-1
30,1046,641.52,384.45,59.74,67.27,1.0,-1,-1,-1
30,1050,580.00,253.31,15.99,35.38,1.0,-1,-1,-1
30,1057,783.19,272.12,78.53,48.58,1.0,-1,-1,-1
30,1051,450.19,425.87,88.96,93.36,1.0,-1,-1,-1
30,1049,484.03,225.92,46.76,44.44,1.0,-1,-1,-1
30,1053,740.25,161.60,33.61,29.37,1.0,-1,-1,-1
30,1058,1033.90,161.45,31.91,25.99,1.0,-1,-1,-1
30,1052,676.08,241.89,39.06,36.23,1.0,-1,-1,-1
30,1061,1146.80,416.24,158.95,73.28,1.0,-1,-1,-1
30,1064,952.15,239.43,76.88,37.77,1.0,-1,-1,-1
30,1054,898.35,227.89,41.43,35.41,1.0,-1,-1,-1
30,1063,640.46,615.98,163.05,145.09,1.0,-1,-1,-1
31,1046,639.88,379.56,59.54,66.56,1.0,-1,-1,-1
31,1050,578.52,255.26,16.37,35.87,1.0,-1,-1,-1
31,1057,782.51,273.01,79.02,48.95,1.0,-1,-1,-1
31,1051,442.87,434.36,94.33,99.59,1.0,-1,-1,-1
31,1049,483.25,226.17,47.34,44.93,1.0,-1,-1,-1
31,1053,739.41,160.67,35.93,31.78,1.0,-1,-1,-1
31,1058,1035.06,161.96,30.92,25.32,1.0,-1,-1,-1
31,1052,675.94,240.66,38.34,35.35,1.0,-1,-1,-1
31,1061,1149.77,418.66,154.87,72.59,1.0,-1,-1,-1
31,1054,898.13,228.20,42.86,36.49,1.0,-1,-1,-1
31,1063,642.06,610.84,152.04,137.58,1.0,-1,-1,-1
32,1046,639.45,375.31,59.84,66.37,1.0,-1,-1,-1
32,1050,575.97,255.34,16.06,35.40,1.0,-1,-1,-1
32,1057,782.41,274.63,78.95,49.09,1.0,-1,-1,-1
32,1051,439.22,446.35,93.77,98.79,1.0,-1,-1,-1
32,1049,483.38,227.56,45.44,43.14,1.0,-1,-1,-1
32,1053,739.77,160.33,35.45,31.36,1.0,-1,-1,-1
32,1058,1035.69,162.14,30.76,25.07,1.0,-1,-1,-1
32,1052,676.15,238.94,37.57,34.36,1.0,-1,-1,-1
32,1054,898.46,228.31,43.19,36.89,1.0,-1,-1,-1
32,1063,640.17,592.67,153.46,141.86,1.0,-1,-1,-1
33,1046,639.52,369.93,58.19,63.67,1.0,-1,-1,-1
33,1050,575.09,257.32,15.22,33.23,1.0,-1,-1,-1
33,1057,782.92,275.86,77.84,48.47,1.0,-1,-1,-1
33,1051,434.56,457.93,94.48,99.63,1.0,-1,-1,-1
33,1049,482.77,227.40,46.75,44.43,1.0,-1,-1,-1
33,1053,739.63,160.18,35.15,31.18,1.0,-1,-1,-1
33,1058,1036.24,162.18,30.68,24.99,1.0,-1,-1,-1
33,1052,675.90,236.36,36.64,33.33,1.0,-1,-1,-1
33,1054,898.75,229.63,42.28,36.38,1.0,-1,-1,-1
33,1063,643.20,580.95,147.25,139.37,1.0,-1,-1,-1
34,1046,637.06,364.82,59.20,64.10,1.0,-1,-1,-1
34,1050,572.41,258.04,15.76,34.41,1.0,-1,-1,-1
34,1057,783.16,276.96,77.34,48.22,1.0,-1,-1,-1
34,1051,425.31,469.26,99.55,105.71,1.0,-1,-1,-1
34,1049,481.92,227.33,47.21,44.90,1.0,-1,-1,-1
34,1053,739.93,160.78,34.34,30.44,1.0,-1,-1,-1
34,1058,1036.72,161.52,31.38,25.62,1.0,-1,-1,-1
34,1052,675.32,233.46,37.97,34.33,1.0,-1,-1,-1
34,1061,1167.74,433.46,142.81,67.87,1.0,-1,-1,-1
35,1046,637.02,361.14,58.60,62.95,1.0,-1,-1,-1
35,1050,569.63,258.28,16.37,36.14,1.0,-1,-1,-1
35,1057,784.17,278.65,78.00,48.78,1.0,-1,-1,-1
35,1051,416.03,480.43,104.24,110.53,1.0,-1,-1,-1
35,1049,481.92,227.94,46.77,44.41,1.0,-1,-1,-1
35,1053,738.69,159.00,36.06,32.15,1.0,-1,-1,-1
35,1058,1037.21,161.26,32.29,26.52,1.0,-1,-1,-1
35,1052,675.10,233.13,37.15,33.37,1.0,-1,-1,-1
35,1054,900.59,231.02,40.78,35.34,1.0,-1,-1,-1
36,1046,636.83,357.32,56.76,60.55,1.0,-1,-1,-1
36,1050,567.39,259.00,15.85,34.85,1.0,-1,-1,-1
36,1057,785.07,279.91,77.20,48.33,1.0,-1,-1,-1
36,1051,409.19,492.85,108.85,115.55,1.0,-1,-1,-1
36,1049,480.98,228.15,47.22,44.87,1.0,-1,-1,-1
36,1053,738.97,159.64,35.85,32.13,1.0,-1,-1,-1
36,1058,1037.81,161.16,32.43,26.86,1.0,-1,-1,-1
36,1052,675.29,231.09,38.35,34.36,1.0,-1,-1,-1
36,1054,901.33,231.24,40.33,35.07,1.0,-1,-1,-1
36,1063,652.70,554.19,123.21,119.37,1.0,-1,-1,-1
37,1046,636.86,352.09,56.64,59.73,1.0,-1,-1,-1
37,1050,565.40,259.91,15.40,33.66,1.0,-1,-1,-1
37,1057,785.28,281.01,77.85,48.81,1.0,-1,-1,-1
37,1051,401.10,505.75,111.55,118.73,1.0,-1,-1,-1
37,1049,479.98,228.21,48.04,45.69,1.0,-1,-1,-1
37,1053,740.04,161.21,34.52,30.80,1.0,-1,-1,-1
37,1058,1039.11,161.11,32.24,26.99,1.0,-1,-1,-1
37,1052,675.99,229.74,36.87,32.74,1.0,-1,-1,-1
37,1054,901.30,231.31,40.75,35.64,1.0,-1,-1,-1
37,1063,652.91,540.16,118.07,116.93,1.0,-1,-1,-1
38,1046,637.23,349.04,55.24,57.46,1.0,-1,-1,-1
38,1050,563.03,260.22,15.99,34.55,1.0,-1,-1,-1
38,1057,785.22,281.38,79.02,49.65,1.0,-1,-1,-1
38,1051,393.18,520.13,115.96,124.37,1.0,-1,-1,-1
38,1049,479.36,228.87,48.23,46.00,1.0,-1,-1,-1
38,1053,740.20,161.14,34.51,30.95,1.0,-1,-1,-1
38,1058,1040.66,161.74,31.31,26.38,1.0,-1,-1,-1
38,1052,675.48,227.98,37.21,32.81,1.0,-1,-1,-1
38,1054,902.31,231.98,40.14,35.20,1.0,-1,-1,-1
38,1063,652.78,530.46,112.80,113.40,1.0,-1,-1,-1
39,1050,560.71,260.31,16.57,35.53,1.0,-1,-1,-1
39,1057,784.97,282.14,79.27,49.96,1.0,-1,-1,-1
39,1051,382.46,536.30,119.22,128.40,1.0,-1,-1,-1
39,1049,478.15,229.77,48.32,46.10,1.0,-1,-1,-1
39,1053,741.21,162.43,33.26,29.68,1.0,-1,-1,-1
39,1058,1042.61,162.64,30.85,26.14,1.0,-1,-1,-1
39,1052,675.16,226.06,36.94,32.17,1.0,-1,-1,-1
39,1054,902.32,232.87,39.96,35.03,1.0,-1,-1,-1
39,1063,656.05,523.26,103.03,105.38,1.0,-1,-1,-1
40,1050,558.41,260.98,16.51,35.24,1.0,-1,-1,-1
40,1057,785.11,283.05,78.23,49.41,1.0,-1,-1,-1
40,1051,372.41,551.31,124.76,134.99,1.0,-1,-1,-1
40,1049,478.01,229.43,48.43,46.13,1.0,-1,-1,-1
40,1053,740.85,162.24,33.60,29.86,1.0,-1,-1,-1
40,1058,1043.35,162.97,30.58,26.05,1.0,-1,-1,-1
40,1052,675.68,224.75,35.59,30.60,1.0,-1,-1,-1
40,1054,902.54,233.18,40.74,35.64,1.0,-1,-1,-1
40,1063,656.33,512.80,99.40,102.66,1.0,-1,-1,-1
41,1050,556.51,261.87,16.05,34.47,1.0,-1,-1,-1
41,1057,785.49,283.35,77.83,49.19,1.0,-1,-1,-1
41,1051,362.58,567.69,128.85,140.67,1.0,-1,-1,-1
41,1049,477.87,229.95,48.69,46.13,1.0,-1,-1,-1
41,1053,740.36,161.50,34.43,30.59,1.0,-1,-1,-1
41,1058,1042.88,163.08,30.59,26.02,1.0,-1,-1,-1
41,1052,675.13,221.64,35.91,30.72,1.0,-1,-1,-1
41,1054,903.72,233.27,40.79,35.87,1.0,-1,-1,-1
41,1063,656.84,502.59,95.34,99.77,1.0,-1,-1,-1
42,1050,554.44,261.51,16.10,34.83,1.0,-1,-1,-1
42,1057,784.83,283.43,78.63,49.77,1.0,-1,-1,-1
42,1051,350.71,584.64,135.95,149.15,1.0,-1,-1,-1
42,1049,477.11,230.12,48.91,46.12,1.0,-1,-1,-1
42,1053,739.79,161.22,34.85,30.87,1.0,-1,-1,-1
42,1058,1043.61,163.11,30.71,26.00,1.0,-1,-1,-1
42,1052,674.64,219.91,36.62,31.45,1.0,-1,-1,-1
42,1054,903.78,233.28,41.54,36.61,1.0,-1,-1,-1
42,1063,656.83,493.85,90.97,96.14,1.0,-1,-1,-1
42,1066,742.80,320.80,17.61,36.20,1.0,-1,-1,-1
42,1064,965.66,246.99,72.57,35.04,1.0,-1,-1,-1
42,1046,634.28,330.65,57.33,59.59,1.0,-1,-1,-1
43,1050,551.53,262.02,16.57,36.28,1.0,-1,-1,-1
43,1057,785.71,284.09,77.98,49.32,1.0,-1,-1,-1
43,1051,340.30,601.76,137.25,152.42,1.0,-1,-1,-1
43,1049,475.57,230.84,48.92,46.11,1.0,-1,-1,-1
43,1053,739.23,161.11,35.70,31.63,1.0,-1,-1,-1
43,1058,1044.95,163.12,30.54,26.00,1.0,-1,-1,-1
43,1052,674.73,218.66,36.36,31.06,1.0,-1,-1,-1
43,1054,904.85,232.62,41.66,36.90,1.0,-1,-1,-1
43,1063,656.17,484.25,88.79,94.32,1.0,-1,-1,-1
43,1066,743.13,320.18,16.78,34.49,1.0,-1,-1,-1
44,1050,550.02,262.85,16.39,36.18,1.0,-1,-1,-1
44,1057,786.26,284.30,78.65,49.80,1.0,-1,-1,-1
44,1051,337.22,617.76,131.51,146.59,1.0,-1,-1,-1
44,1049,475.74,232.41,45.46,42.80,1.0,-1,-1,-1
44,1053,739.99,161.71,35.38,31.26,1.0,-1,-1,-1
44,1058,1046.13,163.77,30.39,26.00,1.0,-1,-1,-1
44,1052,674.10,216.28,36.94,31.60,1.0,-1,-1,-1
44,1054,905.57,232.34,41.71,37.00,1.0,-1,-1,-1
44,1063,657.22,475.73,86.97,93.12,1.0,-1,-1,-1
44,1066,742.44,318.38,17.31,35.54,1.0,-1,-1,-1
44,1064,966.51,245.60,80.55,39.02,1.0,-1,-1,-1
44,1046,635.43,325.59,52.29,53.70,1.0,-1,-1,-1
45,1050,547.66,263.14,16.78,36.78,1.0,-1,-1,-1
45,1057,785.73,285.02,79.03,49.98,1.0,-1,-1,-1
45,1051,340.80,637.23,114.35,126.43,1.0,-1,-1,-1
45,1049,473.72,232.31,47.71,44.91,1.0,-1,-1,-1
45,1053,740.58,162.61,34.66,30.46,1.0,-1,-1,-1
45,1058,1046.92,163.35,30.93,26.66,1.0,-1,-1,-1
45,1052,674.82,214.79,35.92,30.48,1.0,-1,-1,-1
45,1054,906.06,232.88,41.24,36.38,1.0,-1,-1,-1
45,1063,659.39,469.65,80.80,86.66,1.0,-1,-1,-1
45,1066,742.23,316.37,17.49,35.87,1.0,-1,-1,-1
45,1067,619.20,152.60,30.00,28.00,1.0,-1,-1,-1
45,1068,970.82,307.80,13.56,24.20,1.0,-1,-1,-1
45,1064,969.20,246.60,78.92,38.51,1.0,-1,-1,-1
46,1050,546.00,265.20,15.98,34.39,1.0,-1,-1,-1
46,1057,786.61,285.92,78.33,49.38,1.0,-1,-1,-1
46,1051,338.32,656.27,103.96,112.03,1.0,-1,-1,-1
46,1049,472.95,233.58,47.32,44.34,1.0,-1,-1,-1
46,1053,740.75,163.60,34.49,30.15,1.0,-1,-1,-1
46,1058,1047.53,163.18,31.09,26.90,1.0,-1,-1,-1
46,1052,674.26,212.31,37.22,31.41,1.0,-1,-1,-1
46,1054,906.20,234.40,40.44,35.47,1.0,-1,-1,-1
46,1063,659.78,461.71,77.44,83.09,1.0,-1,-1,-1
46,1066,742.16,314.31,16.86,34.54,1.0,-1,-1,-1
46,1067,619.03,151.37,31.57,29.54,1.0,-1,-1,-1
46,1068,968.53,310.29,15.65,27.94,1.0,-1,-1,-1
46,1064,968.46,246.32,81.06,39.61,1.0,-1,-1,-1
46,1046,635.75,316.86,52.70,53.82,1.0,-1,-1,-1
47,1050,544.09,265.29,16.42,34.79,1.0,-1,-1,-1
47,1051,341.31,680.45,87.59,89.48,1.0,-1,-1,-1
47,1049,471.65,233.38,48.58,45.44,1.0,-1,-1,-1
47,1053,740.11,162.64,35.82,31.36,1.0,-1,-1,-1
47,1058,1047.02,161.80,32.57,28.31,1.0,-1,-1,-1
47,1052,674.33,210.79,37.16,31.09,1.0,-1,-1,-1
47,1054,906.51,234.95,40.91,35.80,1.0,-1,-1,-1
47,1063,658.95,451.67,77.61,83.39,1.0,-1,-1,-1
47,1066,742.30,312.96,16.33,33.36,1.0,-1,-1,-1
47,1067,617.90,153.22,31.23,29.31,1.0,-1,-1,-1
47,1068,969.35,311.85,17.51,31.36,1.0,-1,-1,-1
47,1064,968.62,246.86,80.93,39.36,1.0,-1,-1,-1
47,1069,861.40,120.00,32.01,23.00,1.0,-1,-1,-1
48,1049,470.89,233.95,49.00,45.85,1.0,-1,-1,-1
48,1053,741.16,165.54,33.75,29.20,1.0,-1,-1,-1
48,1058,1047.18,161.28,33.68,29.48,1.0,-1,-1,-1
48,1052,674.52,209.64,36.82,30.31,1.0,-1,-1,-1
48,1054,906.55,234.48,41.87,36.58,1.0,-1,-1,-1
48,1063,658.98,446.39,74.38,80.17,1.0,-1,-1,-1
48,1066,742.72,311.86,16.13,32.97,1.0,-1,-1,-1
48,1067,617.94,155.38,30.22,28.42,1.0,-1,-1,-1
48,1068,970.26,311.68,17.78,31.86,1.0,-1,-1,-1
48,1064,969.89,247.71,79.67,38.59,1.0,-1,-1,-1
48,1069,861.99,120.77,30.98,22.23,1.0,-1,-1,-1
48,1057,786.21,287.88,79.59,49.88,1.0,-1,-1,-1
49,1049,469.98,234.15,49.15,46.00,1.0,-1,-1,-1
49,1053,740.52,163.29,35.71,31.05,1.0,-1,-1,-1
49,1058,1048.29,162.36,32.63,28.64,1.0,-1,-1,-1
49,1052,673.90,207.95,37.41,30.69,1.0,-1,-1,-1
49,1054,907.28,234.95,42.08,36.88,1.0,-1,-1,-1
49,1063,659.04,438.73,73.23,79.15,1.0,-1,-1,-1
49,1066,741.49,309.45,16.74,34.25,1.0,-1,-1,-1
49,1067,618.35,158.27,28.40,26.65,1.0,-1,-1,-1
49,1068,971.20,312.19,17.36,31.17,1.0,-1,-1,-1
49,1064,968.74,247.36,81.70,39.60,1.0,-1,-1,-1
49,1057,785.56,288.91,78.96,49.30,1.0,-1,-1,-1
50,1049,468.99,234.87,49.89,46.71,1.0,-1,-1,-1
50,1053,741.21,165.75,34.56,29.75,1.0,-1,-1,-1
50,1058,1049.37,162.80,32.14,28.29,1.0,-1,-1,-1
50,1054,908.66,234.45,42.54,37.65,1.0,-1,-1,-1
50,1063,659.04,432.23,70.24,76.16,1.0,-1,-1,-1
50,1066,741.06,307.97,16.96,34.70,1.0,-1,-1,-1
50,1067,617.40,159.90,28.55,26.78,1.0,-1,-1,-1
50,1068,971.40,313.01,17.46,31.48,1.0,-1,-1,-1
50,1064,968.69,247.22,82.30,39.98,1.0,-1,-1,-1
50,1057,785.63,289.92,78.78,49.09,1.0,-1,-1,-1
50,1056,769.43,247.01,42.14,38.99,1.0,-1,-1,-1
50,1061,1217.47,444.38,132.62,65.03,1.0,-1,-1,-1
50,1069,862.87,120.13,31.97,22.89,1.0,-1,-1,-1
51,1049,468.57,235.78,49.65,46.32,1.0,-1,-1,-1
51,1053,740.77,166.05,34.84,29.89,1.0,-1,-1,-1
51,1058,1050.39,163.62,31.36,27.49,1.0,-1,-1,-1
51,1054,909.28,236.22,42.49,37.93,1.0,-1,-1,-1
51,1063,658.77,425.47,68.43,74.53,1.0,-1,-1,-1
51,1066,740.61,304.80,16.97,34.88,1.0,-1,-1,-1
51,1067,616.75,160.40,29.31,27.54,1.0,-1,-1,-1
51,1068,971.48,313.95,17.42,31.54,1.0,-1,-1,-1
51,1064,972.67,248.47,78.40,38.14,1.0,-1,-1,-1
51,1057,785.37,290.27,80.60,50.34,1.0,-1,-1,-1
51,1056,769.53,245.13,42.76,40.38,1.0,-1,-1,-1
51,1046,636.08,298.53,51.54,52.16,1.0,-1,-1,-1
51,1050,534.36,267.10,17.54,37.64,1.0,-1,-1,-1
52,1049,467.51,236.10,50.75,47.48,1.0,-1,-1,-1
52,1053,741.52,167.47,33.79,28.62,1.0,-1,-1,-1
52,1058,1051.37,163.92,31.13,27.18,1.0,-1,-1,-1
52,1054,910.22,236.88,42.99,38.69,1.0,-1,-1,-1
52,1063,659.29,419.27,66.64,72.68,1.0,-1,-1,-1
52,1066,740.62,303.01,16.64,34.28,1.0,-1,-1,-1
52,1067,615.51,160.53,30.94,29.18,1.0,-1,-1,-1
52,1068,970.39,314.94,18.95,34.85,1.0,-1,-1,-1
52,1064,972.40,250.28,75.73,36.74,1.0,-1,-1,-1
52,1057,783.88,290.37,84.06,52.77,1.0,-1,-1,-1
52,1056,769.13,247.13,43.18,40.85,1.0,-1,-1,-1
52,1069,863.81,119.99,32.28,23.03,1.0,-1,-1,-1
53,1049,467.08,236.21,51.28,47.91,1.0,-1,-1,-1
53,1053,741.02,167.32,34.96,29.49,1.0,-1,-1,-1
53,1058,1051.40,164.70,31.00,27.07,1.0,-1,-1,-1
53,1054,910.96,238.42,42.37,38.32,1.0,-1,-1,-1
53,1063,658.88,413.97,65.25,70.76,1.0,-1,-1,-1
53,1066,739.59,302.42,15.91,32.72,1.0,-1,-1,-1
53,1067,615.74,162.52,30.20,28.46,1.0,-1,-1,-1
53,1068,970.53,315.93,19.05,35.43,1.0,-1,-1,-1
53,1064,971.20,250.26,78.88,38.24,1.0,-1,-1,-1
53,1057,782.90,291.04,86.21,54.34,1.0,-1,-1,-1
53,1056,768.98,247.88,43.31,41.03,1.0,-1,-1,-1
53,1070,386.21,226.00,15.78,31.60,1.0,-1,-1,-1
53,1069,864.22,119.99,32.52,23.00,1.0,-1,-1,-1
53,1050,530.20,268.08,16.75,36.42,1.0,-1,-1,-1
54,1049,466.57,237.54,50.91,47.41,1.0,-1,-1,-1
54,1053,739.16,163.96,38.06,32.44,1.0,-1,-1,-1
54,1058,1051.38,164.98,30.96,27.02,1.0,-1,-1,-1
54,1054,911.08,239.66,42.39,38.17,1.0,-1,-1,-1
54,1063,658.59,408.28,63.77,68.80,1.0,-1,-1,-1
54,1066,738.92,300.94,16.25,33.50,1.0,-1,-1,-1
54,1067,614.87,163.91,30.55,28.84,1.0,-1,-1,-1
54,1068,971.54,316.94,18.47,34.94,1.0,-1,-1,-1
54,1064,970.94,250.24,79.00,38.12,1.0,-1,-1,-1
54,1057,782.34,291.92,86.74,54.94,1.0,-1,-1,-1
54,1056,769.22,248.81,42.10,39.76,1.0,-1,-1,-1
54,1070,385.17,226.72,16.27,32.61,1.0,-1,-1,-1
54,1069,864.62,120.00,32.74,22.99,1.0,-1,-1,-1
54,1050,528.15,268.24,16.65,36.09,1.0,-1,-1,-1
55,1049,466.37,238.03,50.84,47.21,1.0,-1,-1,-1
55,1053,738.91,163.34,38.35,32.90,1.0,-1,-1,-1
55,1058,1051.63,165.08,31.04,27.01,1.0,-1,-1,-1
55,1063,658.28,402.45,63.05,67.52,1.0,-1,-1,-1
55,1066,737.61,299.11,17.20,35.78,1.0,-1,-1,-1
55,1067,614.13,165.71,30.87,28.98,1.0,-1,-1,-1
55,1068,973.13,317.95,17.79,34.02,1.0,-1,-1,-1
55,1064,968.04,250.21,81.94,39.39,1.0,-1,-1,-1
55,1057,782.41,293.53,85.73,54.50,1.0,-1,-1,-1
55,1056,770.09,248.47,41.40,39.27,1.0,-1,-1,-1
55,1069,864.78,119.32,34.11,23.67,1.0,-1,-1,-1
55,1050,525.86,268.95,17.16,37.31,1.0,-1,-1,-1
56,1049,465.70,238.20,51.39,47.78,1.0,-1,-1,-1
56,1053,740.12,165.69,36.48,31.13,1.0,-1,-1,-1
56,1058,1051.30,165.10,31.22,27.00,1.0,-1,-1,-1
56,1063,658.40,396.55,61.75,65.79,1.0,-1,-1,-1
56,1066,736.90,297.82,17.36,36.62,1.0,-1,-1,-1
56,1067,613.45,167.00,31.17,29.03,1.0,-1,-1,-1
56,1068,974.30,318.95,17.70,34.29,1.0,-1,-1,-1
56,1064,969.85,250.85,83.10,39.87,1.0,-1,-1,-1
56,1057,782.69,295.44,84.17,53.65,1.0,-1,-1,-1
56,1056,770.71,248.98,41.19,39.08,1.0,-1,-1,-1
56,1069,865.11,119.74,34.03,23.25,1.0,-1,-1,-1
56,1054,911.81,241.78,41.82,37.29,1.0,-1,-1,-1
56,1070,384.03,229.67,14.38,28.67,1.0,-1,-1,-1
57,1049,465.11,238.90,51.65,47.99,1.0,-1,-1,-1
57,1053,740.89,167.96,35.15,29.74,1.0,-1,-1,-1
57,1058,1051.80,165.77,30.64,26.34,1.0,-1,-1,-1
57,1063,658.70,391.30,60.15,63.90,1.0,-1,-1,-1
57,1066,736.74,296.08,16.58,34.99,1.0,-1,-1,-1
57,1067,612.25,167.44,31.88,29.71,1.0,-1,-1,-1
57,1068,975.89,320.61,16.64,32.39,1.0,-1,-1,-1
57,1064,971.22,251.73,84.78,40.69,1.0,-1,-1,-1
57,1057,783.21,297.45,82.74,52.66,1.0,-1,-1,-1
57,1056,771.05,249.16,41.57,39.68,1.0,-1,-1,-1
57,1069,865.52,119.90,34.05,23.08,1.0,-1,-1,-1
57,1050,522.95,271.60,15.72,33.97,1.0,-1,-1,-1
58,1049,464.90,239.15,51.76,48.07,1.0,-1,-1,-1
58,1053,741.11,168.78,34.80,29.22,1.0,-1,-1,-1
58,1058,1052.93,166.68,29.85,25.42,1.0,-1,-1,-1
58,1063,656.63,385.61,60.60,64.00,1.0,-1,-1,-1
58,1066,736.61,294.82,15.81,33.00,1.0,-1,-1,-1
58,1067,611.84,168.87,31.43,29.30,1.0,-1,-1,-1
58,1068,976.51,321.20,16.84,32.95,1.0,-1,-1,-1
58,1064,972.48,252.71,86.54,41.65,1.0,-1,-1,-1
58,1057,782.81,298.83,82.07,52.27,1.0,-1,-1,-1
58,1056,771.21,249.87,42.27,40.57,1.0,-1,-1,-1
58,1069,865.49,119.96,34.37,23.02,1.0,-1,-1,-1
58,1050,519.93,270.71,15.87,34.59,1.0,-1,-1,-1
58,1046,641.45,279.41,46.62,47.26,1.0,-1,-1,-1
59,1049,464.48,239.88,51.21,47.43,1.0,-1,-1,-1
59,1053,741.11,169.07,34.81,29.04,1.0,-1,-1,-1
59,1058,1053.20,167.00,30.48,25.75,1.0,-1,-1,-1
59,1063,655.38,381.09,59.83,62.74,1.0,-1,-1,-1
59,1066,736.54,293.76,15.60,32.26,1.0,-1,-1,-1
59,1067,610.37,171.36,31.95,29.80,1.0,-1,-1,-1
59,1068,976.60,325.35,17.16,33.80,1.0,-1,-1,-1
59,1064,973.21,253.72,86.01,41.36,1.0,-1,-1,-1
59,1057,783.13,299.97,80.88,51.46,1.0,-1,-1,-1
59,1069,865.29,119.99,35.51,23.67,1.0,-1,-1,-1
59,1050,517.38,272.43,16.36,36.12,1.0,-1,-1,-1
59,1046,642.55,276.73,45.56,46.24,1.0,-1,-1,-1
59,1070,380.17,231.06,14.03,27.96,1.0,-1,-1,-1
60,1049,463.66,240.80,51.06,47.18,1.0,-1,-1,-1
60,1053,741.05,169.16,34.95,28.97,1.0,-1,-1,-1
60,1058,1054.70,167.78,29.88,25.21,1.0,-1,-1,-1
60,1063,654.53,376.33,59.74,62.36,1.0,-1,-1,-1
60,1066,736.06,292.76,15.81,32.68,1.0,-1,-1,-1
60,1067,610.22,172.91,32.04,29.98,1.0,-1,-1,-1
60,1068,976.37,326.89,17.12,34.11,1.0,-1,-1,-1
60,1064,976.40,255.40,83.20,39.92,1.0,-1,-1,-1
60,1057,783.39,301.02,80.16,50.48,1.0,-1,-1,-1
60,1069,865.14,120.00,36.04,23.91,1.0,-1,-1,-1
60,1050,514.98,273.05,16.29,36.03,1.0,-1,-1,-1
60,1046,642.23,273.13,45.20,45.93,1.0,-1,-1,-1
61,1049,463.15,241.79,50.78,47.08,1.0,-1,-1,-1
61,1053,740.68,169.18,35.02,28.95,1.0,-1,-1,-1
61,1058,1055.13,168.05,29.87,25.02,1.0,-1,-1,-1
61,1063,654.71,370.78,58.81,60.94,1.0,-1,-1,-1
61,1066,734.95,290.44,16.44,34.16,1.0,-1,-1,-1
61,1067,609.18,175.42,32.11,30.04,1.0,-1,-1,-1
61,1068,978.42,327.43,16.70,33.55,1.0,-1,-1,-1
61,1064,983.73,258.68,77.15,37.35,1.0,-1,-1,-1
61,1057,782.00,300.70,82.22,51.46,1.0,-1,-1,-1
61,1069,865.03,120.00,36.33,24.00,1.0,-1,-1,-1
61,1050,512.84,275.24,15.61,34.02,1.0,-1,-1,-1
61,1046,642.64,271.27,44.67,45.16,1.0,-1,-1,-1
62,1049,462.04,241.47,51.89,48.36,1.0,-1,-1,-1
62,1053,740.41,169.17,35.30,28.95,1.0,-1,-1,-1
62,1058,1055.97,168.14,29.81,24.95,1.0,-1,-1,-1
62,1063,655.07,365.63,58.67,60.49,1.0,-1,-1,-1
62,1067,608.44,176.97,32.21,30.06,1.0,-1,-1,-1
62,1068,979.24,327.58,17.11,34.64,1.0,-1,-1,-1
62,1064,985.13,259.20,76.12,37.06,1.0,-1,-1,-1
62,1057,780.15,301.87,84.35,52.47,1.0,-1,-1,-1
62,1069,864.35,120.66,36.35,24.03,1.0,-1,-1,-1
62,1050,511.44,276.03,16.07,34.60,1.0,-1,-1,-1
62,1070,377.07,233.79,16.51,33.26,1.0,-1,-1,-1
63,1049,460.96,241.99,52.35,48.84,1.0,-1,-1,-1
63,1053,739.55,168.49,36.94,30.28,1.0,-1,-1,-1
63,1058,1055.91,168.16,30.48,25.60,1.0,-1,-1,-1
63,1063,654.54,361.95,58.64,60.38,1.0,-1,-1,-1
63,1067,607.86,178.83,32.90,30.72,1.0,-1,-1,-1
63,1068,979.94,328.25,17.10,35.03,1.0,-1,-1,-1
63,1064,981.74,258.69,80.12,38.97,1.0,-1,-1,-1
63,1057,779.03,302.28,85.34,52.86,1.0,-1,-1,-1
63,1069,864.19,120.91,36.15,24.04,1.0,-1,-1,-1
63,1050,509.05,278.29,16.14,34.81,1.0,-1,-1,-1
63,1054,912.06,244.16,46.05,40.80,1.0,-1,-1,-1
63,1066,734.64,286.30,16.35,34.04,1.0,-1,-1,-1
63,1046,642.07,263.36,45.95,46.52,1.0,-1,-1,-1
64,1049,461.31,244.14,50.40,47.05,1.0,-1,-1,-1
64,1053,739.89,169.54,36.20,29.47,1.0,-1,-1,-1
64,1058,1056.13,168.16,31.54,26.50,1.0,-1,-1,-1
64,1063,654.87,357.47,55.64,57.03,1.0,-1,-1,-1
64,1067,607.01,180.78,33.14,30.97,1.0,-1,-1,-1
64,1068,980.89,328.47,16.97,35.17,1.0,-1,-1,-1
64,1064,982.53,259.14,80.10,39.02,1.0,-1,-1,-1
64,1057,779.17,305.03,84.61,52.35,1.0,-1,-1,-1
64,1069,863.74,121.00,36.82,24.70,1.0,-1,-1,-1
64,1050,506.66,279.77,16.00,34.24,1.0,-1,-1,-1
64,1054,912.17,244.22,46.00,41.03,1.0,-1,-1,-1
64,1066,734.12,285.56,16.02,33.33,1.0,-1,-1,-1
64,1046,642.30,261.27,44.81,44.90,1.0,-1,-1,-1
64,1052,670.88,189.86,36.29,29.02,1.0,-1,-1,-1
64,1070,376.11,235.86,16.36,33.22,1.0,-1,-1,-1
65,1049,461.60,244.94,49.40,45.68,1.0,-1,-1,-1
65,1053,739.72,169.94,36.55,29.82,1.0,-1,-1,-1
65,1058,1056.85,168.80,31.94,26.84,1.0,-1,-1,-1
65,1063,653.57,353.38,55.39,56.54,1.0,-1,-1,-1
65,1067,604.32,182.79,35.39,33.02,1.0,-1,-1,-1
65,1068,981.81,329.16,17.08,35.85,1.0,-1,-1,-1
65,1064,982.35,260.60,80.32,39.03,1.0,-1,-1,-1
65,1057,778.09,306.70,85.28,52.80,1.0,-1,-1,-1
65,1069,863.38,121.03,36.80,24.94,1.0,-1,-1,-1
65,1066,733.80,284.00,16.19,33.75,1.0,-1,-1,-1
65,1046,642.32,260.65,43.85,42.95,1.0,-1,-1,-1
65,1070,376.39,236.96,15.58,31.69,1.0,-1,-1,-1
66,1049,461.71,245.88,49.07,45.17,1.0,-1,-1,-1
66,1053,740.33,170.08,36.63,29.94,1.0,-1,-1,-1
66,1058,1058.77,167.73,33.32,28.28,1.0,-1,-1,-1
66,1063,653.54,349.39,55.18,56.41,1.0,-1,-1,-1
66,1067,602.94,184.15,36.36,33.79,1.0,-1,-1,-1
66,1068,981.57,331.35,18.26,38.71,1.0,-1,-1,-1
66,1064,982.28,261.13,81.65,39.69,1.0,-1,-1,-1
66,1057,778.27,307.95,84.40,52.32,1.0,-1,-1,-1
66,1069,864.70,122.35,35.83,24.38,1.0,-1,-1,-1
66,1066,733.58,284.13,15.16,31.26,1.0,-1,-1,-1
66,1070,376.80,237.32,15.39,31.15,1.0,-1,-1,-1
66,1050,503.20,278.83,16.86,36.37,1.0,-1,-1,-1
66,1054,915.49,245.07,44.08,39.53,1.0,-1,-1,-1
67,1049,461.08,246.20,50.32,46.33,1.0,-1,-1,-1
67,1053,740.11,168.80,38.89,31.97,1.0,-1,-1,-1
67,1058,1060.55,167.96,33.01,28.18,1.0,-1,-1,-1
67,1063,653.56,344.77,55.11,56.41,1.0,-1,-1,-1
67,1067,603.11,185.27,37.30,34.72,1.0,-1,-1,-1
67,1068,983.55,334.07,17.73,37.88,1.0,-1,-1,-1
67,1064,983.57,261.96,80.79,39.28,1.0,-1,-1,-1
67,1057,777.83,309.04,85.11,52.79,1.0,-1,-1,-1
67,1069,867.09,122.86,36.32,24.81,1.0,-1,-1,-1
67,1066,734.13,282.93,15.59,32.35,1.0,-1,-1,-1
67,1070,377.27,240.77,14.71,28.96,1.0,-1,-1,-1
67,1050,502.55,281.15,15.94,34.23,1.0,-1,-1,-1
67,1054,917.27,245.89,43.56,39.11,1.0,-1,-1,-1
68,1049,460.42,246.96,50.36,46.10,1.0,-1,-1,-1
68,1053,740.09,168.32,39.60,32.72,1.0,-1,-1,-1
68,1058,1061.64,168.70,32.68,28.13,1.0,-1,-1,-1
68,1063,653.88,340.58,54.53,55.79,1.0,-1,-1,-1
68,1067,603.15,187.59,37.12,34.42,1.0,-1,-1,-1
68,1068,984.88,335.11,17.68,38.15,1.0,-1,-1,-1
68,1064,985.94,262.90,79.27,38.46,1.0,-1,-1,-1
68,1057,777.86,310.73,84.35,52.30,1.0,-1,-1,-1
68,1066,734.26,280.54,15.88,32.73,1.0,-1,-1,-1
68,1050,499.55,284.01,15.26,32.73,1.0,-1,-1,-1
68,1054,918.98,246.83,42.50,38.31,1.0,-1,-1,-1
69,1049,460.18,247.22,51.06,46.68,1.0,-1,-1,-1
69,1053,739.80,168.13,40.43,33.65,1.0,-1,-1,-1
69,1058,1062.15,168.32,32.97,28.76,1.0,-1,-1,-1
69,1067,602.51,190.38,37.10,34.29,1.0,-1,-1,-1
69,1068,986.86,335.47,17.93,38.88,1.0,-1,-1,-1
69,1064,984.50,261.90,83.97,40.81,1.0,-1,-1,-1
69,1057,777.50,311.98,84.15,52.11,1.0,-1,-1,-1
69,1050,498.15,288.40,14.42,30.16,1.0,-1,-1,-1
69,1054,920.01,248.50,41.93,38.02,1.0,-1,-1,-1
69,1070,376.23,243.00,15.37,29.69,1.0,-1,-1,-1
70,1049,459.66,247.95,50.22,45.58,1.0,-1,-1,-1
70,1053,742.06,171.28,37.30,30.78,1.0,-1,-1,-1
70,1058,1062.34,168.17,33.02,28.99,1.0,-1,-1,-1
70,1067,601.00,192.70,38.36,35.53,1.0,-1,-1,-1
70,1068,987.99,335.57,17.86,39.15,1.0,-1,-1,-1
70,1057,776.06,313.73,86.06,53.37,1.0,-1,-1,-1
70,1050,496.17,288.58,15.23,31.29,1.0,-1,-1,-1
70,1054,920.31,249.09,41.83,37.92,1.0,-1,-1,-1
70,1070,375.94,244.00,15.07,28.60,1.0,-1,-1,-1
70,1063,654.91,332.41,52.51,53.38,1.0,-1,-1,-1
71,1049,458.73,248.87,50.08,45.16,1.0,-1,-1,-1
71,1053,742.91,173.22,36.14,29.59,1.0,-1,-1,-1
71,1058,1062.35,167.45,33.11,29.07,1.0,-1,-1,-1
71,1067,600.94,194.18,38.49,35.99,1.0,-1,-1,-1
71,1068,988.23,338.82,18.17,39.88,1.0,-1,-1,-1
71,1057,775.09,315.00,86.99,53.83,1.0,-1,-1,-1
71,1050,493.45,287.30,16.95,34.34,1.0,-1,-1,-1
71,1054,919.98,249.28,42.64,38.56,1.0,-1,-1,-1
71,1063,654.71,328.44,53.07,53.75,1.0,-1,-1,-1
72,1049,458.38,250.51,50.74,45.67,1.0,-1,-1,-1
72,1053,742.78,173.23,36.57,29.84,1.0,-1,-1,-1
72,1058,1062.75,167.83,33.59,29.75,1.0,-1,-1,-1
72,1067,600.99,197.28,37.14,34.85,1.0,-1,-1,-1
72,1068,988.54,340.68,18.43,40.80,1.0,-1,-1,-1
72,1057,773.31,315.44,88.88,55.32,1.0,-1,-1,-1
72,1054,920.46,248.67,43.00,38.80,1.0,-1,-1,-1
72,1063,654.59,325.13,52.71,53.22,1.0,-1,-1,-1
72,1064,989.50,263.98,82.39,40.17,1.0,-1,-1,-1
72,1070,373.36,245.21,16.71,31.28,1.0,-1,-1,-1
73,1049,457.26,251.10,51.67,46.52,1.0,-1,-1,-1
73,1053,742.69,173.89,36.80,29.93,1.0,-1,-1,-1
73,1058,1063.94,168.62,32.97,29.35,1.0,-1,-1,-1
73,1067,599.72,199.06,37.93,35.71,1.0,-1,-1,-1
73,1068,989.45,342.00,18.19,40.48,1.0,-1,-1,-1
73,1057,773.33,316.22,88.88,55.22,1.0,-1,-1,-1
73,1054,921.36,249.07,42.98,38.90,1.0,-1,-1,-1
73,1063,653.39,320.77,53.59,54.36,1.0,-1,-1,-1
73,1064,989.49,264.90,82.10,40.03,1.0,-1,-1,-1
73,1056,773.50,265.88,43.05,39.03,1.0,-1,-1,-1
73,1046,646.15,245.57,40.51,39.15,1.0,-1,-1,-1
74,1049,456.58,251.96,51.92,46.85,1.0,-1,-1,-1
74,1053,742.90,174.78,37.05,29.97,1.0,-1,-1,-1
74,1058,1064.69,170.24,32.72,29.18,1.0,-1,-1,-1
74,1067,599.39,201.63,37.95,36.02,1.0,-1,-1,-1
74,1068,991.23,343.11,17.78,39.68,1.0,-1,-1,-1
74,1057,772.70,316.47,90.84,56.49,1.0,-1,-1,-1
74,1054,922.36,249.86,42.91,38.94,1.0,-1,-1,-1
74,1064,988.71,265.21,83.56,40.64,1.0,-1,-1,-1
74,1046,647.03,244.50,39.69,37.53,1.0,-1,-1,-1
74,1050,487.81,290.90,16.38,33.24,1.0,-1,-1,-1
75,1049,458.31,252.91,52.67,47.63,1.0,-1,-1,-1
75,1053,744.18,174.44,38.04,30.64,1.0,-1,-1,-1
75,1058,1067.54,171.50,32.06,28.45,1.0,-1,-1,-1
75,1068,994.81,342.82,18.35,41.33,1.0,-1,-1,-1
75,1057,773.36,317.18,92.43,57.60,1.0,-1,-1,-1
75,1054,925.71,251.46,44.17,40.28,1.0,-1,-1,-1
75,1046,647.77,242.09,41.94,38.40,1.0,-1,-1,-1
75,1070,374.16,250.56,15.89,29.41,1.0,-1,-1,-1
75,1063,656.58,314.17,50.43,50.96,1.0,-1,-1,-1
75,1056,774.98,267.17,44.20,38.18,1.0,-1,-1,-1
76,1049,460.20,253.90,53.80,48.58,1.0,-1,-1,-1
76,1053,748.74,176.92,36.13,28.93,1.0,-1,-1,-1
76,1058,1072.64,171.97,31.69,28.17,1.0,-1,-1,-1
76,1068,999.41,343.98,18.46,41.94,1.0,-1,-1,-1
76,1057,776.23,320.02,88.47,55.42,1.0,-1,-1,-1
76,1063,659.11,311.30,49.02,49.48,1.0,-1,-1,-1
76,1066,739.28,269.93,14.83,30.12,1.0,-1,-1,-1
76,1067,603.13,206.71,37.92,36.08,1.0,-1,-1,-1
76,1064,994.31,267.68,83.98,40.92,1.0,-1,-1,-1
76,1050,488.67,291.42,17.81,36.20,1.0,-1,-1,-1
77,1049,461.59,254.25,53.55,48.28,1.0,-1,-1,-1
77,1053,751.12,177.86,35.49,28.26,1.0,-1,-1,-1
77,1058,1075.52,171.46,32.16,28.73,1.0,-1,-1,-1
77,1068,1000.17,346.99,18.51,42.15,1.0,-1,-1,-1
77,1057,774.73,319.74,91.51,57.86,1.0,-1,-1,-1
77,1063,662.47,309.72,46.93,47.64,1.0,-1,-1,-1
77,1066,740.81,268.15,15.21,30.69,1.0,-1,-1,-1
77,1067,603.56,209.66,37.56,36.02,1.0,-1,-1,-1
77,1064,994.97,268.16,88.44,43.00,1.0,-1,-1,-1
77,1054,929.72,252.19,45.13,40.86,1.0,-1,-1,-1
78,1049,462.14,255.01,52.76,47.50,1.0,-1,-1,-1
78,1053,751.54,178.18,36.09,28.69,1.0,-1,-1,-1
78,1058,1075.63,171.27,32.89,29.59,1.0,-1,-1,-1
78,1068,1000.96,348.11,18.74,42.87,1.0,-1,-1,-1
78,1057,774.94,322.22,90.47,57.45,1.0,-1,-1,-1
78,1066,741.92,266.24,14.72,29.52,1.0,-1,-1,-1
78,1067,603.09,211.32,39.35,37.98,1.0,-1,-1,-1
78,1064,997.04,268.97,89.58,43.74,1.0,-1,-1,-1
78,1054,931.22,253.62,44.60,40.30,1.0,-1,-1,-1
78,1046,655.44,235.02,40.20,36.31,1.0,-1,-1,-1
78,1050,486.84,296.16,16.21,32.25,1.0,-1,-1,-1
79,1049,461.25,255.26,53.32,47.86,1.0,-1,-1,-1
79,1053,751.29,177.61,37.06,29.52,1.0,-1,-1,-1
79,1058,1077.33,172.48,31.69,28.61,1.0,-1,-1,-1
79,1068,1001.36,347.84,19.17,44.43,1.0,-1,-1,-1
79,1057,772.60,322.49,93.57,59.90,1.0,-1,-1,-1
79,1066,741.88,264.24,14.72,29.77,1.0,-1,-1,-1
79,1067,602.64,214.49,38.63,37.41,1.0,-1,-1,-1
79,1064,1003.24,271.86,82.39,40.11,1.0,-1,-1,-1
79,1054,932.74,255.44,42.40,38.11,1.0,-1,-1,-1
79,1046,655.64,232.89,41.07,36.73,1.0,-1,-1,-1
79,1050,483.49,300.67,15.82,30.54,1.0,-1,-1,-1
80,1049,460.68,255.99,53.33,47.99,1.0,-1,-1,-1
80,1053,751.92,177.38,36.59,29.17,1.0,-1,-1,-1
80,1058,1079.31,173.61,30.43,27.55,1.0,-1,-1,-1
80,1068,1003.35,349.00,18.81,43.72,1.0,-1,-1,-1
80,1057,772.91,323.85,92.38,59.52,1.0,-1,-1,-1
80,1066,741.35,262.90,15.72,31.86,1.0,-1,-1,-1
80,1067,599.56,216.94,40.20,39.15,1.0,-1,-1,-1
80,1064,1003.39,272.95,82.56,40.00,1.0,-1,-1,-1
80,1054,933.97,256.77,41.46,37.28,1.0,-1,-1,-1
80,1046,656.01,230.85,41.42,36.87,1.0,-1,-1,-1
81,1049,458.81,256.24,55.32,50.01,1.0,-1,-1,-1
81,1053,751.77,177.27,37.10,29.71,1.0,-1,-1,-1
81,1058,1079.60,174.69,30.74,27.83,1.0,-1,-1,-1
81,1068,1004.12,349.39,19.21,44.72,1.0,-1,-1,-1
81,1057,771.02,326.30,93.31,60.65,1.0,-1,-1,-1
81,1066,741.81,261.78,15.43,31.34,1.0,-1,-1,-1
81,1067,598.84,219.10,41.23,40.44,1.0,-1,-1,-1
81,1064,1008.48,273.98,80.46,39.30,1.0,-1,-1,-1
81,1054,934.17,257.89,41.53,36.99,1.0,-1,-1,-1
81,1052,682.29,177.89,34.12,27.02,1.0,-1,-1,-1
82,1049,457.81,256.32,56.02,50.76,1.0,-1,-1,-1
82,1053,752.47,177.87,36.41,29.25,1.0,-1,-1,-1
82,1058,1080.64,175.73,30.23,27.27,1.0,-1,-1,-1
82,1068,1004.64,349.51,19.48,45.74,1.0,-1,-1,-1
82,1057,769.05,327.20,93.58,61.06,1.0,-1,-1,-1
82,1066,742.11,261.42,15.02,30.46,1.0,-1,-1,-1
82,1067,597.92,222.44,40.34,39.64,1.0,-1,-1,-1
82,1064,1003.75,273.65,84.82,41.05,1.0,-1,-1,-1
82,1054,933.37,258.27,43.23,38.23,1.0,-1,-1,-1
82,1052,682.39,177.75,33.04,25.55,1.0,-1,-1,-1
83,1049,458.14,256.97,55.50,50.39,1.0,-1,-1,-1
83,1053,751.92,177.42,37.70,30.40,1.0,-1,-1,-1
83,1058,1081.38,175.43,30.55,27.72,1.0,-1,-1,-1
83,1068,1004.04,349.52,21.10,50.00,1.0,-1,-1,-1
83,1057,769.65,330.10,90.35,58.59,1.0,-1,-1,-1
83,1066,742.34,261.36,14.61,29.46,1.0,-1,-1,-1
83,1067,597.79,225.61,39.56,38.65,1.0,-1,-1,-1
83,1064,1003.94,274.82,85.12,41.04,1.0,-1,-1,-1
83,1054,933.27,259.04,43.41,38.04,1.0,-1,-1,-1
83,1052,683.42,177.02,32.76,25.10,1.0,-1,-1,-1
83,1046,656.54,227.37,39.98,35.27,1.0,-1,-1,-1
84,1049,456.90,257.86,55.41,50.23,1.0,-1,-1,-1
84,1053,751.82,177.90,37.30,30.17,1.0,-1,-1,-1
84,1058,1081.96,175.97,30.66,27.90,1.0,-1,-1,-1
84,1068,1004.34,350.15,21.27,50.98,1.0,-1,-1,-1
84,1057,767.29,331.17,90.97,58.94,1.0,-1,-1,-1
84,1066,742.40,260.05,14.49,29.09,1.0,-1,-1,-1
84,1067,595.41,227.37,41.30,40.25,1.0,-1,-1,-1
84,1064,1003.85,275.24,86.75,41.69,1.0,-1,-1,-1
84,1054,932.82,259.30,44.88,39.30,1.0,-1,-1,-1
84,1052,684.96,176.78,30.95,23.58,1.0,-1,-1,-1
84,1050,471.93,308.91,14.80,28.16,1.0,-1,-1,-1
85,1049,457.04,258.83,54.18,48.85,1.0,-1,-1,-1
85,1053,752.51,178.73,36.29,29.42,1.0,-1,-1,-1
85,1058,1082.84,177.47,29.94,27.30,1.0,-1,-1,-1
85,1068,1004.95,351.00,20.87,50.69,1.0,-1,-1,-1
85,1057,762.76,330.86,96.59,63.01,1.0,-1,-1,-1
85,1066,742.63,258.94,14.66,29.63,1.0,-1,-1,-1
85,1067,594.16,230.58,40.76,39.54,1.0,-1,-1,-1
85,1064,1004.96,276.68,85.66,41.28,1.0,-1,-1,-1
85,1054,933.97,260.03,44.72,39.11,1.0,-1,-1,-1
85,1052,684.68,176.05,31.22,23.74,1.0,-1,-1,-1
86,1049,456.37,259.83,53.85,48.31,1.0,-1,-1,-1
86,1053,752.77,179.70,35.86,29.13,1.0,-1,-1,-1
86,1058,1083.11,177.36,30.35,27.74,1.0,-1,-1,-1
86,1068,1007.43,350.65,18.75,45.35,1.0,-1,-1,-1
86,1057,759.86,332.01,99.21,65.16,1.0,-1,-1,-1
86,1066,743.01,256.59,14.12,28.52,1.0,-1,-1,-1
86,1067,592.12,233.69,42.38,41.23,1.0,-1,-1,-1
86,1064,1004.80,276.53,86.97,41.77,1.0,-1,-1,-1
86,1054,934.48,260.93,45.77,40.36,1.0,-1,-1,-1
86,1052,684.55,175.13,31.36,23.80,1.0,-1,-1,-1
86,1072,1316.38,568.80,45.65,86.20,1.0,-1,-1,-1
87,1049,455.11,260.18,55.76,50.10,1.0,-1,-1,-1
87,1053,753.19,181.37,34.36,27.70,1.0,-1,-1,-1
87,1058,1083.03,177.96,30.15,27.25,1.0,-1,-1,-1
87,1068,1008.53,354.52,18.87,45.88,1.0,-1,-1,-1
87,1057,758.71,335.00,99.01,65.34,1.0,-1,-1,-1
87,1066,742.71,254.41,14.79,30.12,1.0,-1,-1,-1
87,1067,591.42,236.73,42.90,41.85,1.0,-1,-1,-1
87,1064,1008.75,278.42,83.33,39.99,1.0,-1,-1,-1
87,1054,934.52,261.90,47.07,41.48,1.0,-1,-1,-1
87,1052,684.41,174.15,32.91,25.19,1.0,-1,-1,-1
87,1046,658.08,220.81,40.04,35.01,1.0,-1,-1,-1
88,1049,454.33,260.95,55.80,50.10,1.0,-1,-1,-1
88,1053,753.19,181.98,34.75,27.83,1.0,-1,-1,-1
88,1058,1084.01,178.83,29.95,27.06,1.0,-1,-1,-1
88,1068,1009.03,354.55,19.98,48.70,1.0,-1,-1,-1
88,1057,756.17,336.77,99.29,66.03,1.0,-1,-1,-1
88,1066,742.40,252.99,14.77,30.04,1.0,-1,-1,-1
88,1067,589.14,239.12,45.22,44.03,1.0,-1,-1,-1
88,1064,1007.04,278.43,87.61,41.98,1.0,-1,-1,-1
88,1054,933.80,261.60,47.06,41.25,1.0,-1,-1,-1
88,1052,684.03,173.14,33.46,25.70,1.0,-1,-1,-1
88,1056,772.50,278.00,30.50,31.13,1.0,-1,-1,-1
89,1049,453.42,261.87,55.11,49.44,1.0,-1,-1,-1
89,1053,753.41,182.85,35.10,27.89,1.0,-1,-1,-1
89,1058,1084.72,179.13,29.79,26.99,1.0,-1,-1,-1
89,1068,1009.70,355.82,20.04,49.10,1.0,-1,-1,-1
89,1057,754.52,338.71,98.86,66.27,1.0,-1,-1,-1
89,1066,742.40,252.51,14.51,29.35,1.0,-1,-1,-1
89,1067,587.44,242.54,46.51,45.49,1.0,-1,-1,-1
89,1064,1005.52,278.43,90.28,43.34,1.0,-1,-1,-1
89,1054,933.42,261.44,47.16,41.15,1.0,-1,-1,-1
89,1052,684.28,172.13,33.51,25.90,1.0,-1,-1,-1
89,1046,657.28,217.00,40.31,35.00,1.0,-1,-1,-1
90,1049,453.08,262.86,54.85,49.18,1.0,-1,-1,-1
90,1053,753.39,183.82,35.40,27.92,1.0,-1,-1,-1
90,1058,1086.07,180.55,28.83,25.64,1.0,-1,-1,-1
90,1068,1011.52,356.29,20.09,49.23,1.0,-1,-1,-1
90,1057,752.10,340.05,99.72,67.64,1.0,-1,-1,-1
90,1066,742.23,251.06,14.72,29.75,1.0,-1,-1,-1
90,1067,585.28,245.07,48.76,47.97,1.0,-1,-1,-1
90,1064,1004.20,279.05,91.40,43.86,1.0,-1,-1,-1
90,1054,933.54,261.36,47.95,41.77,1.0,-1,-1,-1
90,1052,684.41,171.12,33.42,25.97,1.0,-1,-1,-1
90,1046,656.67,215.71,41.17,35.68,1.0,-1,-1,-1
90,1063,665.28,271.70,38.64,38.15,1.0,-1,-1,-1
91,1049,452.68,263.86,54.68,49.08,1.0,-1,-1,-1
91,1053,753.30,184.16,35.66,27.93,1.0,-1,-1,-1
91,1058,1086.08,181.06,29.38,25.81,1.0,-1,-1,-1
91,1068,1011.95,357.73,21.89,53.84,1.0,-1,-1,-1
91,1057,751.66,342.47,97.22,66.19,1.0,-1,-1,-1
91,1066,742.44,249.24,14.26,28.58,1.0,-1,-1,-1
91,1067,584.55,249.18,50.10,49.56,1.0,-1,-1,-1
91,1064,1003.72,279.26,92.99,44.71,1.0,-1,-1,-1
91,1054,933.46,261.96,48.47,41.99,1.0,-1,-1,-1
91,1052,684.85,170.76,32.59,25.34,1.0,-1,-1,-1
92,1049,452.28,264.21,54.48,49.04,1.0,-1,-1,-1
92,1053,752.83,184.26,36.61,28.60,1.0,-1,-1,-1
92,1058,1086.63,181.23,29.77,25.88,1.0,-1,-1,-1
92,1068,1013.34,358.90,21.98,54.28,1.0,-1,-1,-1
92,1057,749.32,343.34,98.04,66.91,1.0,-1,-1,-1
92,1066,742.19,247.95,14.04,28.14,1.0,-1,-1,-1
92,1067,583.64,253.26,50.01,49.52,1.0,-1,-1,-1
92,1064,1006.60,281.27,90.04,43.07,1.0,-1,-1,-1
92,1054,935.82,263.49,47.78,41.41,1.0,-1,-1,-1
92,1052,684.62,170.67,32.37,25.10,1.0,-1,-1,-1
93,1049,451.52,264.98,54.33,49.02,1.0,-1,-1,-1
93,1053,752.26,183.62,37.74,29.52,1.0,-1,-1,-1
93,1058,1086.24,181.27,30.39,25.91,1.0,-1,-1,-1
93,1057,747.03,344.93,99.31,67.81,1.0,-1,-1,-1
93,1066,742.10,246.19,14.63,29.32,1.0,-1,-1,-1
93,1067,582.05,257.35,48.60,48.17,1.0,-1,-1,-1
93,1064,1008.16,283.35,89.26,42.41,1.0,-1,-1,-1
93,1054,935.68,264.71,48.88,42.51,1.0,-1,-1,-1
93,1052,684.50,170.66,32.34,25.01,1.0,-1,-1,-1
93,1063,666.47,264.60,38.71,37.95,1.0,-1,-1,-1
94,1049,450.25,265.90,54.29,49.02,1.0,-1,-1,-1
94,1053,752.05,183.37,38.15,29.86,1.0,-1,-1,-1
94,1058,1086.66,181.92,30.74,25.93,1.0,-1,-1,-1
94,1057,744.64,346.80,99.64,68.14,1.0,-1,-1,-1
94,1066,741.83,245.57,14.02,27.79,1.0,-1,-1,-1
94,1067,579.33,261.44,49.04,48.27,1.0,-1,-1,-1
94,1064,1008.73,283.43,90.28,42.82,1.0,-1,-1,-1
94,1054,937.01,266.45,48.47,42.26,1.0,-1,-1,-1
94,1052,684.71,170.02,32.47,24.98,1.0,-1,-1,-1
94,1063,666.35,261.15,39.27,38.00,1.0,-1,-1,-1
94,1068,1021.85,360.32,16.29,39.70,1.0,-1,-1,-1
95,1049,448.61,266.22,55.99,50.33,1.0,-1,-1,-1
95,1053,751.95,184.56,37.66,29.34,1.0,-1,-1,-1
95,1058,1087.09,182.81,30.96,25.94,1.0,-1,-1,-1
95,1057,740.27,346.80,102.20,70.21,1.0,-1,-1,-1
95,1066,741.39,244.75,14.43,28.54,1.0,-1,-1,-1
95,1067,576.94,265.50,51.35,50.25,1.0,-1,-1,-1
95,1064,1009.19,284.75,92.73,44.29,1.0,-1,-1,-1
95,1052,685.20,169.80,31.68,24.31,1.0,-1,-1,-1
95,1056,773.88,283.94,27.90,32.90,1.0,-1,-1,-1
96,1049,448.26,266.97,56.13,50.17,1.0,-1,-1,-1
96,1053,752.23,185.00,37.47,29.13,1.0,-1,-1,-1
96,1057,736.12,348.70,104.33,72.27,1.0,-1,-1,-1
96,1066,741.51,243.82,12.71,24.86,1.0,-1,-1,-1
96,1067,574.42,269.54,52.28,50.98,1.0,-1,-1,-1
96,1064,1014.33,287.17,90.18,43.54,1.0,-1,-1,-1
96,1052,686.51,168.41,31.12,24.06,1.0,-1,-1,-1
96,1050,439.15,307.37,21.90,43.68,1.0,-1,-1,-1
97,1049,447.41,267.89,56.34,50.10,1.0,-1,-1,-1
97,1053,751.21,184.49,38.99,30.37,1.0,-1,-1,-1
97,1057,734.43,351.98,102.86,71.75,1.0,-1,-1,-1
97,1066,741.68,240.77,11.78,22.70,1.0,-1,-1,-1
97,1067,571.66,273.59,54.32,53.18,1.0,-1,-1,-1
97,1064,1016.62,287.41,89.86,43.89,1.0,-1,-1,-1
97,1052,687.03,167.91,30.17,23.30,1.0,-1,-1,-1
97,1050,436.36,307.81,21.30,44.30,1.0,-1,-1,-1
97,1063,666.22,253.68,37.96,36.29,1.0,-1,-1,-1
97,1058,1090.09,183.98,30.89,25.97,1.0,-1,-1,-1
98,1049,446.06,268.21,57.21,50.73,1.0,-1,-1,-1
98,1053,751.30,184.94,38.60,30.18,1.0,-1,-1,-1
98,1057,730.79,352.55,104.47,73.47,1.0,-1,-1,-1
98,1066,740.83,240.50,11.88,22.70,1.0,-1,-1,-1
98,1067,570.17,278.26,54.11,53.37,1.0,-1,-1,-1
98,1064,1013.84,287.47,92.32,45.34,1.0,-1,-1,-1
98,1052,687.49,167.09,29.94,23.03,1.0,-1,-1,-1
98,1050,434.18,309.25,20.10,43.24,1.0,-1,-1,-1
98,1063,666.05,250.93,38.02,36.03,1.0,-1,-1,-1
98,1058,1090.99,183.49,30.93,25.99,1.0,-1,-1,-1
98,1054,940.41,271.76,48.93,42.05,1.0,-1,-1,-1
99,1049,443.64,268.96,59.42,52.93,1.0,-1,-1,-1
99,1053,751.28,185.10,38.56,30.10,1.0,-1,-1,-1
99,1057,726.91,354.66,105.66,74.75,1.0,-1,-1,-1
99,1066,740.37,240.43,12.29,23.40,1.0,-1,-1,-1
99,1067,568.07,282.56,55.20,54.70,1.0,-1,-1,-1
99,1064,1015.88,288.77,91.56,45.22,1.0,-1,-1,-1
99,1052,687.99,166.81,29.83,22.94,1.0,-1,-1,-1
99,1058,1090.53,182.64,32.48,27.33,1.0,-1,-1,-1
100,1049,441.77,269.23,60.91,54.41,1.0,-1,-1,-1
100,1053,751.26,185.15,38.57,30.07,1.0,-1,-1,-1
100,1057,722.84,356.73,107.50,76.51,1.0,-1,-1,-1
100,1066,739.89,238.43,13.07,25.00,1.0,-1,-1,-1
100,1067,567.37,287.34,57.42,56.48,1.0,-1,-1,-1
100,1064,1020.47,290.55,86.86,43.20,1.0,-1,-1,-1
100,1058,1090.20,182.97,32.69,27.17,1.0,-1,-1,-1
100,1063,666.66,246.59,39.06,36.75,1.0,-1,-1,-1
101,1049,441.22,269.31,61.20,54.96,1.0,-1,-1,-1
101,1053,751.91,185.15,39.23,30.71,1.0,-1,-1,-1
101,1057,720.36,359.41,106.27,75.87,1.0,-1,-1,-1
101,1066,739.37,238.37,12.75,24.29,1.0,-1,-1,-1
101,1067,564.92,292.29,59.50,58.43,1.0,-1,-1,-1
101,1064,1021.95,292.52,84.17,41.73,1.0,-1,-1,-1
101,1058,1091.31,184.40,32.19,26.45,1.0,-1,-1,-1
101,1068,1037.69,369.83,12.33,28.40,1.0,-1,-1,-1
102,1049,440.14,269.97,62.44,56.46,1.0,-1,-1,-1
102,1053,752.20,185.15,39.38,30.95,1.0,-1,-1,-1
102,1057,718.02,363.01,105.47,75.58,1.0,-1,-1,-1
102,1066,738.48,237.09,13.34,25.37,1.0,-1,-1,-1
102,1067,562.79,297.96,60.81,59.16,1.0,-1,-1,-1
102,1064,1025.75,294.55,80.60,39.85,1.0,-1,-1,-1
102,1058,1091.93,184.27,32.86,26.83,1.0,-1,-1,-1
102,1074,523.12,196.20,16.96,27.60,1.0,-1,-1,-1
102,1068,1039.61,372.54,12.63,27.89,1.0,-1,-1,-1
102,1050,422.99,316.29,19.57,42.28,1.0,-1,-1,-1
102,1054,941.50,275.11,50.32,42.89,1.0,-1,-1,-1
102,1063,669.12,242.58,37.87,35.39,1.0,-1,-1,-1
103,1049,439.40,270.85,62.96,57.02,1.0,-1,-1,-1
103,1053,751.24,185.13,40.26,31.69,1.0,-1,-1,-1
103,1057,714.44,366.28,104.14,74.78,1.0,-1,-1,-1
103,1066,737.58,235.34,14.08,27.07,1.0,-1,-1,-1
103,1067,560.66,304.56,62.04,60.06,1.0,-1,-1,-1
103,1064,1021.20,294.57,84.97,41.88,1.0,-1,-1,-1
103,1058,1092.81,184.87,32.44,26.31,1.0,-1,-1,-1
103,1074,523.42,197.56,16.20,26.39,1.0,-1,-1,-1
103,1050,421.01,317.10,19.50,42.74,1.0,-1,-1,-1
103,1054,941.38,276.03,50.76,42.99,1.0,-1,-1,-1
104,1049,439.18,271.81,63.09,57.22,1.0,-1,-1,-1
104,1053,750.91,184.47,41.16,32.62,1.0,-1,-1,-1
104,1057,709.98,368.77,106.72,77.08,1.0,-1,-1,-1
104,1066,737.49,234.05,13.23,25.14,1.0,-1,-1,-1
104,1067,556.56,307.63,63.98,62.31,1.0,-1,-1,-1
104,1064,1020.53,295.22,86.60,42.60,1.0,-1,-1,-1
104,1058,1093.34,185.08,32.48,26.11,1.0,-1,-1,-1
104,1074,522.93,198.04,16.35,26.76,1.0,-1,-1,-1
104,1050,418.26,319.36,19.00,41.57,1.0,-1,-1,-1
104,1054,941.25,277.00,51.07,43.03,1.0,-1,-1,-1
104,1063,669.35,238.66,37.58,35.05,1.0,-1,-1,-1
105,1049,438.72,273.47,62.64,56.62,1.0,-1,-1,-1
105,1053,751.90,187.45,39.26,31.02,1.0,-1,-1,-1
105,1057,705.10,370.95,108.38,78.58,1.0,-1,-1,-1
105,1066,736.16,232.95,14.16,27.04,1.0,-1,-1,-1
105,1067,553.38,313.19,65.44,63.79,1.0,-1,-1,-1
105,1064,1024.46,298.05,80.76,39.59,1.0,-1,-1,-1
105,1058,1093.79,185.81,31.94,25.37,1.0,-1,-1,-1
105,1074,523.03,199.64,15.91,26.14,1.0,-1,-1,-1
105,1050,416.11,321.50,18.59,40.46,1.0,-1,-1,-1
105,1054,940.89,277.33,51.78,43.04,1.0,-1,-1,-1
105,1063,669.89,236.73,37.13,34.33,1.0,-1,-1,-1
106,1049,437.58,275.39,62.46,56.36,1.0,-1,-1,-1
106,1053,751.57,186.62,40.62,32.37,1.0,-1,-1,-1
106,1057,699.99,373.67,109.82,79.79,1.0,-1,-1,-1
106,1066,735.57,231.92,14.73,28.35,1.0,-1,-1,-1
106,1067,550.03,319.72,64.52,63.05,1.0,-1,-1,-1
106,1064,1024.89,298.41,81.26,39.77,1.0,-1,-1,-1
106,1074,523.54,200.87,14.08,23.02,1.0,-1,-1,-1
106,1050,412.89,321.58,19.48,42.06,1.0,-1,-1,-1
106,1054,942.50,276.76,51.81,43.04,1.0,-1,-1,-1
106,1063,670.30,235.44,36.54,33.40,1.0,-1,-1,-1
106,1075,1008.26,407.40,18.69,43.60,1.0,-1,-1,-1
106,1076,819.00,121.80,20.00,24.00,1.0,-1,-1,-1
107,1049,436.47,276.75,63.15,56.91,1.0,-1,-1,-1
107,1053,751.55,186.96,40.91,32.86,1.0,-1,-1,-1
107,1057,694.35,376.59,112.70,82.17,1.0,-1,-1,-1
107,1066,735.53,230.91,14.61,28.22,1.0,-1,-1,-1
107,1067,546.58,326.02,67.26,65.96,1.0,-1,-1,-1
107,1064,1023.53,298.51,84.43,41.18,1.0,-1,-1,-1
107,1074,522.92,201.96,14.35,23.51,1.0,-1,-1,-1
107,1054,942.91,277.17,52.84,44.35,1.0,-1,-1,-1
107,1063,670.04,233.71,37.12,33.74,1.0,-1,-1,-1
107,1075,1008.27,407.86,18.50,43.14,1.0,-1,-1,-1
107,1077,1030.83,395.00,18.35,41.80,1.0,-1,-1,-1
107,1052,689.90,161.96,30.21,22.99,1.0,-1,-1,-1
107,1058,1091.05,185.33,35.21,27.42,1.0,-1,-1,-1
108,1049,437.12,278.54,62.62,56.45,1.0,-1,-1,-1
108,1053,753.21,189.04,38.96,31.09,1.0,-1,-1,-1
108,1057,691.50,380.23,112.13,82.41,1.0,-1,-1,-1
108,1066,735.41,229.91,14.82,28.80,1.0,-1,-1,-1
108,1067,545.28,332.15,69.64,68.32,1.0,-1,-1,-1
108,1064,1021.65,297.86,90.95,44.33,1.0,-1,-1,-1
108,1074,523.05,201.57,15.20,25.07,1.0,-1,-1,-1
108,1054,945.31,277.30,51.96,44.19,1.0,-1,-1,-1
108,1075,1009.53,410.35,17.49,40.65,1.0,-1,-1,-1
108,1077,1031.94,395.77,18.43,41.95,1.0,-1,-1,-1
108,1052,690.17,161.10,31.20,23.69,1.0,-1,-1,-1
108,1058,1092.69,185.84,35.92,27.88,1.0,-1,-1,-1
108,1050,408.78,323.95,19.76,42.00,1.0,-1,-1,-1
109,1049,438.47,281.17,59.61,53.62,1.0,-1,-1,-1
109,1053,754.19,190.51,38.20,30.38,1.0,-1,-1,-1
109,1057,685.05,382.86,115.66,85.72,1.0,-1,-1,-1
109,1066,735.02,228.92,14.94,29.02,1.0,-1,-1,-1
109,1067,541.00,338.89,71.81,71.13,1.0,-1,-1,-1
109,1064,1023.78,298.88,90.92,44.23,1.0,-1,-1,-1
109,1074,523.32,201.42,15.05,24.95,1.0,-1,-1,-1
109,1054,945.52,277.98,53.01,45.44,1.0,-1,-1,-1
109,1075,1012.42,411.87,17.58,40.67,1.0,-1,-1,-1
109,1077,1032.26,395.25,20.10,45.88,1.0,-1,-1,-1
109,1052,690.86,160.80,31.00,23.27,1.0,-1,-1,-1
109,1058,1091.97,185.38,37.54,28.70,1.0,-1,-1,-1
109,1063,671.67,232.17,37.01,33.13,1.0,-1,-1,-1
110,1049,436.53,280.77,62.09,55.88,1.0,-1,-1,-1
110,1053,754.51,191.70,38.00,30.11,1.0,-1,-1,-1
110,1057,681.86,386.38,114.75,85.67,1.0,-1,-1,-1
110,1066,734.75,227.93,14.60,28.44,1.0,-1,-1,-1
110,1067,538.12,346.50,71.33,70.92,1.0,-1,-1,-1
110,1064,1025.60,301.21,90.86,44.17,1.0,-1,-1,-1
110,1074,522.59,201.31,15.33,25.60,1.0,-1,-1,-1
110,1054,945.91,278.87,52.74,45.25,1.0,-1,-1,-1
110,1075,1013.68,413.76,16.82,38.52,1.0,-1,-1,-1
110,1077,1033.38,397.22,20.00,45.70,1.0,-1,-1,-1
110,1052,691.43,160.72,30.94,23.10,1.0,-1,-1,-1
110,1063,671.51,230.75,38.00,33.71,1.0,-1,-1,-1
111,1049,436.10,281.92,61.82,55.38,1.0,-1,-1,-1
111,1053,754.51,192.11,38.80,30.68,1.0,-1,-1,-1
111,1057,677.75,390.26,113.90,85.60,1.0,-1,-1,-1
111,1066,734.69,227.60,13.77,26.89,1.0,-1,-1,-1
111,1067,535.01,355.13,74.59,74.01,1.0,-1,-1,-1
111,1064,1024.80,301.41,94.41,46.11,1.0,-1,-1,-1
111,1074,521.99,201.26,15.43,25.85,1.0,-1,-1,-1
111,1054,946.05,280.50,52.59,45.16,1.0,-1,-1,-1
111,1075,1011.60,414.31,19.22,43.69,1.0,-1,-1,-1
111,1077,1035.01,400.07,19.55,44.80,1.0,-1,-1,-1
111,1052,691.71,160.05,30.76,23.04,1.0,-1,-1,-1
111,1056,787.33,296.02,46.65,50.76,1.0,-1,-1,-1
112,1049,435.20,282.32,62.56,55.84,1.0,-1,-1,-1
112,1053,753.12,191.59,41.20,32.87,1.0,-1,-1,-1
112,1057,674.64,394.28,112.94,85.53,1.0,-1,-1,-1
112,1066,734.69,226.86,13.43,26.29,1.0,-1,-1,-1
112,1067,530.00,362.15,77.15,77.07,1.0,-1,-1,-1
112,1064,1028.32,304.69,91.28,44.25,1.0,-1,-1,-1
112,1074,521.60,201.22,15.80,26.61,1.0,-1,-1,-1
112,1054,946.79,281.75,51.75,44.46,1.0,-1,-1,-1
112,1075,1009.66,413.85,20.57,46.65,1.0,-1,-1,-1
112,1077,1036.68,403.15,20.61,47.23,1.0,-1,-1,-1
112,1078,583.24,149.60,11.53,19.20,1.0,-1,-1,-1
112,1063,671.03,227.77,38.46,33.94,1.0,-1,-1,-1
113,1049,434.16,283.75,62.97,56.01,1.0,-1,-1,-1
113,1053,753.94,192.67,40.70,32.41,1.0,-1,-1,-1
113,1057,669.26,397.02,114.67,87.44,1.0,-1,-1,-1
113,1066,734.18,225.95,13.68,26.74,1.0,-1,-1,-1
113,1067,525.43,369.84,79.01,79.51,1.0,-1,-1,-1
113,1064,1031.71,305.94,89.92,43.48,1.0,-1,-1,-1
113,1054,946.91,282.86,52.37,44.85,1.0,-1,-1,-1
113,1075,1009.81,414.26,21.20,47.80,1.0,-1,-1,-1
113,1077,1037.61,404.88,20.92,48.07,1.0,-1,-1,-1
113,1078,583.28,149.91,11.44,19.04,1.0,-1,-1,-1
114,1049,432.98,284.92,63.42,56.06,1.0,-1,-1,-1
114,1053,754.25,193.08,40.52,32.20,1.0,-1,-1,-1
114,1057,663.84,399.93,117.07,90.08,1.0,-1,-1,-1
114,1066,734.00,223.67,13.11,25.59,1.0,-1,-1,-1
114,1067,521.32,378.43,79.39,80.42,1.0,-1,-1,-1
114,1064,1036.05,307.70,86.50,41.87,1.0,-1,-1,-1
114,1054,948.91,285.22,50.63,43.02,1.0,-1,-1,-1
114,1075,1009.57,414.38,22.02,49.53,1.0,-1,-1,-1
114,1077,1037.93,406.80,20.98,48.34,1.0,-1,-1,-1
114,1078,583.51,151.59,10.98,18.21,1.0,-1,-1,-1
114,1052,692.70,158.89,30.63,23.01,1.0,-1,-1,-1
114,1063,672.21,225.61,37.46,33.21,1.0,-1,-1,-1
115,1049,430.81,285.32,66.43,58.71,1.0,-1,-1,-1
115,1053,754.34,193.87,40.49,32.12,1.0,-1,-1,-1
115,1057,659.26,402.90,120.64,93.66,1.0,-1,-1,-1
115,1066,734.10,222.85,12.61,24.47,1.0,-1,-1,-1
115,1067,518.02,387.40,81.12,82.65,1.0,-1,-1,-1
115,1064,1036.40,309.64,85.64,41.25,1.0,-1,-1,-1
115,1075,1008.61,415.05,21.44,48.21,1.0,-1,-1,-1
115,1077,1039.28,409.46,19.77,45.73,1.0,-1,-1,-1
115,1078,583.34,152.08,11.31,18.73,1.0,-1,-1,-1
115,1052,692.84,158.80,30.55,23.00,1.0,-1,-1,-1
115,1063,671.98,224.67,37.48,33.04,1.0,-1,-1,-1
116,1049,429.77,286.10,66.74,59.05,1.0,-1,-1,-1
116,1053,754.35,194.15,40.50,32.08,1.0,-1,-1,-1
116,1057,657.31,407.18,119.36,93.08,1.0,-1,-1,-1
116,1066,733.98,221.92,12.76,24.75,1.0,-1,-1,-1
116,1067,514.48,397.75,80.67,82.82,1.0,-1,-1,-1
116,1064,1036.92,310.31,86.46,41.70,1.0,-1,-1,-1
116,1075,1008.06,415.93,20.85,46.97,1.0,-1,-1,-1
116,1077,1040.11,410.38,19.91,46.04,1.0,-1,-1,-1
116,1078,582.15,152.93,12.26,20.35,1.0,-1,-1,-1
116,1063,672.44,224.37,37.08,32.32,1.0,-1,-1,-1
117,1049,428.77,287.01,66.80,59.17,1.0,-1,-1,-1
117,1053,754.33,194.23,40.54,32.06,1.0,-1,-1,-1
117,1057,655.29,410.70,117.11,92.13,1.0,-1,-1,-1
117,1066,732.61,221.61,12.83,24.85,1.0,-1,-1,-1
117,1067,507.06,404.80,86.27,89.29,1.0,-1,-1,-1
117,1064,1036.70,310.52,88.17,42.53,1.0,-1,-1,-1
117,1075,1007.36,416.90,20.94,47.14,1.0,-1,-1,-1
117,1077,1040.83,412.00,19.73,46.14,1.0,-1,-1,-1
117,1078,581.75,153.21,12.56,20.90,1.0,-1,-1,-1
117,1063,672.49,222.98,37.14,32.05,1.0,-1,-1,-1
117,1054,951.98,288.88,50.64,42.99,1.0,-1,-1,-1
117,1052,692.48,157.18,31.35,23.78,1.0,-1,-1,-1
118,1049,428.15,287.98,66.68,59.19,1.0,-1,-1,-1
118,1053,755.04,194.90,39.77,31.39,1.0,-1,-1,-1
118,1057,653.17,414.55,115.95,91.72,1.0,-1,-1,-1
118,1066,732.78,220.88,12.18,23.57,1.0,-1,-1,-1
118,1067,503.21,414.35,87.35,91.10,1.0,-1,-1,-1
118,1064,1035.81,310.56,90.35,43.51,1.0,-1,-1,-1
118,1075,1006.73,417.23,21.05,47.19,1.0,-1,-1,-1
118,1077,1041.71,413.87,19.69,46.16,1.0,-1,-1,-1
118,1078,581.81,153.95,12.27,20.42,1.0,-1,-1,-1
118,1063,671.53,220.52,37.78,32.63,1.0,-1,-1,-1
118,1054,952.45,289.29,51.82,44.37,1.0,-1,-1,-1
118,1052,692.44,156.88,31.39,23.95,1.0,-1,-1,-1
119,1049,427.71,288.32,66.44,59.19,1.0,-1,-1,-1
119,1053,756.38,196.47,37.98,29.80,1.0,-1,-1,-1
119,1057,647.17,416.56,120.22,96.13,1.0,-1,-1,-1
119,1066,732.32,219.97,12.34,23.77,1.0,-1,-1,-1
119,1067,498.12,424.95,90.62,95.58,1.0,-1,-1,-1
119,1064,1039.10,312.50,87.12,41.91,1.0,-1,-1,-1
119,1075,1005.30,417.33,22.17,49.84,1.0,-1,-1,-1
119,1077,1043.10,416.50,19.47,45.49,1.0,-1,-1,-1
119,1078,582.04,154.87,11.77,19.53,1.0,-1,-1,-1
119,1063,670.85,218.33,38.65,33.50,1.0,-1,-1,-1
119,1052,693.13,156.78,31.31,24.02,1.0,-1,-1,-1
120,1049,426.95,289.07,66.94,59.83,1.0,-1,-1,-1
120,1053,756.07,197.03,38.24,29.88,1.0,-1,-1,-1
120,1057,645.90,419.84,117.43,94.54,1.0,-1,-1,-1
120,1066,732.15,219.68,12.43,23.85,1.0,-1,-1,-1
120,1067,490.60,432.72,94.84,101.08,1.0,-1,-1,-1
120,1064,1039.40,313.19,89.03,42.62,1.0,-1,-1,-1
120,1075,1004.45,416.70,23.22,52.11,1.0,-1,-1,-1
120,1077,1045.94,417.42,19.33,45.22,1.0,-1,-1,-1
120,1078,582.13,155.86,11.60,19.19,1.0,-1,-1,-1
120,1063,670.56,217.56,38.38,33.18,1.0,-1,-1,-1
120,1056,788.77,305.10,50.36,52.94,1.0,-1,-1,-1
120,1054,952.47,291.07,52.72,44.89,1.0,-1,-1,-1
121,1049,425.94,290.63,65.98,59.41,1.0,-1,-1,-1
121,1053,755.92,197.22,39.08,30.58,1.0,-1,-1,-1
121,1057,643.40,423.60,116.73,94.50,1.0,-1,-1,-1
121,1066,732.23,218.94,12.89,24.55,1.0,-1,-1,-1
121,1067,484.73,444.44,98.03,105.73,1.0,-1,-1,-1
121,1064,1037.81,314.08,92.42,44.20,1.0,-1,-1,-1
121,1075,1004.24,419.01,23.39,52.33,1.0,-1,-1,-1
121,1077,1046.89,419.70,20.10,47.11,1.0,-1,-1,-1
121,1078,581.78,156.19,12.30,20.42,1.0,-1,-1,-1
121,1063,670.43,216.67,38.32,33.06,1.0,-1,-1,-1
121,1056,788.40,306.08,51.65,53.69,1.0,-1,-1,-1
121,1054,952.65,291.36,53.72,45.65,1.0,-1,-1,-1
121,1046,664.39,184.92,35.25,31.01,1.0,-1,-1,-1
122,1049,425.75,291.85,64.63,58.57,1.0,-1,-1,-1
122,1053,756.59,197.92,37.92,29.52,1.0,-1,-1,-1
122,1057,639.72,426.89,117.57,95.77,1.0,-1,-1,-1
122,1066,732.38,218.69,12.82,24.16,1.0,-1,-1,-1
122,1067,478.35,457.10,99.99,108.77,1.0,-1,-1,-1
122,1064,1034.81,313.74,95.19,45.44,1.0,-1,-1,-1
122,1075,1004.29,419.90,23.23,51.73,1.0,-1,-1,-1
122,1077,1050.20,419.19,19.63,45.85,1.0,-1,-1,-1
122,1078,581.68,156.96,12.52,20.87,1.0,-1,-1,-1
122,1063,670.03,215.08,38.99,33.67,1.0,-1,-1,-1
122,1054,952.90,292.11,54.99,46.58,1.0,-1,-1,-1
122,1046,664.87,184.74,34.33,30.23,1.0,-1,-1,-1
123,1049,425.38,293.60,63.45,57.58,1.0,-1,-1,-1
123,1053,756.79,198.84,37.56,29.12,1.0,-1,-1,-1
123,1057,635.36,429.35,119.44,98.18,1.0,-1,-1,-1
123,1066,732.94,217.97,13.16,24.68,1.0,-1,-1,-1
123,1067,471.58,470.16,101.80,111.16,1.0,-1,-1,-1
123,1064,1035.90,314.22,96.24,45.91,1.0,-1,-1,-1
123,1075,1004.32,420.21,23.81,52.78,1.0,-1,-1,-1
123,1077,1053.53,422.22,20.57,47.33,1.0,-1,-1,-1
123,1078,581.66,157.22,12.57,21.03,1.0,-1,-1,-1
123,1063,670.21,215.18,38.58,33.25,1.0,-1,-1,-1
123,1054,953.96,293.01,55.45,46.92,1.0,-1,-1,-1
123,1046,664.30,183.29,34.81,30.69,1.0,-1,-1,-1
123,1056,788.78,308.09,51.95,53.19,1.0,-1,-1,-1
124,1049,424.38,294.22,64.12,58.53,1.0,-1,-1,-1
124,1053,756.44,199.15,38.27,29.65,1.0,-1,-1,-1
124,1057,632.41,432.14,119.04,98.42,1.0,-1,-1,-1
124,1066,733.13,217.72,13.33,24.87,1.0,-1,-1,-1
124,1067,463.71,483.34,104.83,115.21,1.0,-1,-1,-1
124,1064,1040.90,315.02,93.95,45.43,1.0,-1,-1,-1
124,1075,1004.41,420.31,23.90,53.15,1.0,-1,-1,-1
124,1077,1055.30,424.61,19.75,45.26,1.0,-1,-1,-1
124,1054,954.44,293.33,55.44,47.05,1.0,-1,-1,-1
124,1080,1161.40,363.00,14.01,31.00,1.0,-1,-1,-1
124,1056,788.04,306.38,54.17,55.74,1.0,-1,-1,-1
125,1049,423.38,295.08,64.35,58.89,1.0,-1,-1,-1
125,1053,756.67,199.25,38.46,29.85,1.0,-1,-1,-1
125,1057,628.23,433.74,121.97,101.74,1.0,-1,-1,-1
125,1066,733.72,216.34,13.03,24.29,1.0,-1,-1,-1
125,1067,459.23,498.45,105.19,116.72,1.0,-1,-1,-1
125,1064,1038.86,317.27,96.33,46.55,1.0,-1,-1,-1
125,1075,1004.84,420.32,23.78,53.27,1.0,-1,-1,-1
125,1077,1056.59,427.46,20.06,45.77,1.0,-1,-1,-1
125,1080,1163.00,363.77,14.03,31.00,1.0,-1,-1,-1
125,1058,1105.34,193.95,38.16,29.00,1.0,-1,-1,-1
126,1049,423.36,296.02,64.45,59.01,1.0,-1,-1,-1
126,1053,756.40,199.26,39.23,30.59,1.0,-1,-1,-1
126,1057,626.30,438.80,122.64,102.98,1.0,-1,-1,-1
126,1066,733.77,214.52,13.94,26.07,1.0,-1,-1,-1
126,1067,451.55,513.72,107.15,119.14,1.0,-1,-1,-1
126,1064,1037.47,318.09,99.07,47.61,1.0,-1,-1,-1
126,1075,1005.47,420.96,23.48,52.64,1.0,-1,-1,-1
126,1077,1058.93,428.45,19.63,44.63,1.0,-1,-1,-1
126,1080,1164.88,364.81,13.69,30.22,1.0,-1,-1,-1
126,1054,955.05,295.81,55.41,47.06,1.0,-1,-1,-1
126,1056,789.62,310.37,52.13,52.90,1.0,-1,-1,-1
127,1049,422.74,297.00,64.45,59.06,1.0,-1,-1,-1
127,1053,756.33,199.91,38.80,30.21,1.0,-1,-1,-1
127,1057,623.68,441.96,123.65,104.71,1.0,-1,-1,-1
127,1066,733.65,213.22,14.54,27.36,1.0,-1,-1,-1
127,1067,446.61,530.28,107.55,120.64,1.0,-1,-1,-1
127,1064,1037.15,318.37,100.29,48.01,1.0,-1,-1,-1
127,1075,1006.39,422.50,23.34,52.38,1.0,-1,-1,-1
127,1077,1062.47,430.74,20.02,44.86,1.0,-1,-1,-1
127,1080,1167.16,367.38,14.65,32.26,1.0,-1,-1,-1
127,1050,361.48,347.97,20.06,42.00,1.0,-1,-1,-1
128,1049,421.55,297.34,65.76,60.39,1.0,-1,-1,-1
128,1053,756.30,200.13,39.29,30.73,1.0,-1,-1,-1
128,1057,618.89,445.67,125.31,106.63,1.0,-1,-1,-1
128,1067,434.10,546.08,117.57,134.00,1.0,-1,-1,-1
128,1064,1040.36,319.75,99.88,48.14,1.0,-1,-1,-1
128,1075,1006.83,423.71,22.43,50.28,1.0,-1,-1,-1
128,1080,1168.21,369.59,14.95,32.91,1.0,-1,-1,-1
129,1049,420.79,298.09,66.25,60.88,1.0,-1,-1,-1
129,1053,756.61,200.20,39.48,30.92,1.0,-1,-1,-1
129,1057,615.40,450.24,123.61,106.04,1.0,-1,-1,-1
129,1067,426.45,565.74,120.98,140.31,1.0,-1,-1,-1
129,1064,1041.29,320.89,99.62,48.18,1.0,-1,-1,-1
129,1075,1006.90,424.15,22.94,51.47,1.0,-1,-1,-1
129,1080,1169.49,370.33,14.46,31.73,1.0,-1,-1,-1
129,1063,672.61,208.89,37.49,32.09,1.0,-1,-1,-1
129,1077,1064.30,435.65,21.98,48.88,1.0,-1,-1,-1
130,1049,420.24,298.34,67.02,61.72,1.0,-1,-1,-1
130,1053,757.00,202.19,38.99,30.33,1.0,-1,-1,-1
130,1057,612.58,454.49,124.15,107.06,1.0,-1,-1,-1
130,1067,407.05,576.54,138.23,162.91,1.0,-1,-1,-1
130,1064,1045.01,322.61,97.96,47.53,1.0,-1,-1,-1
130,1075,1006.93,424.29,23.78,53.87,1.0,-1,-1,-1
130,1080,1171.42,371.20,14.65,31.97,1.0,-1,-1,-1
130,1063,672.75,207.92,36.80,31.30,1.0,-1,-1,-1
130,1074,515.85,213.94,15.35,26.01,1.0,-1,-1,-1
131,1049,419.72,299.06,67.33,62.02,1.0,-1,-1,-1
131,1053,757.08,202.92,38.93,30.11,1.0,-1,-1,-1
131,1057,606.69,457.96,126.38,110.02,1.0,-1,-1,-1
131,1067,400.47,597.18,138.12,164.43,1.0,-1,-1,-1
131,1064,1047.24,323.22,97.61,47.26,1.0,-1,-1,-1
131,1075,1007.59,426.27,22.79,52.18,1.0,-1,-1,-1
131,1080,1173.36,372.82,14.14,30.68,1.0,-1,-1,-1
131,1063,672.82,206.92,37.21,31.71,1.0,-1,-1,-1
131,1074,514.63,213.49,15.46,25.99,1.0,-1,-1,-1
131,1056,791.06,316.89,53.02,52.97,1.0,-1,-1,-1
132,1049,419.58,300.61,66.71,61.47,1.0,-1,-1,-1
132,1053,757.06,203.18,39.67,30.69,1.0,-1,-1,-1
132,1057,602.94,461.77,126.54,111.11,1.0,-1,-1,-1
132,1067,400.41,617.99,127.47,152.14,1.0,-1,-1,-1
132,1064,1052.85,325.39,93.80,45.83,1.0,-1,-1,-1
132,1075,1007.69,426.35,22.71,52.14,1.0,-1,-1,-1
132,1080,1175.53,376.10,14.99,32.26,1.0,-1,-1,-1
132,1063,672.90,205.93,36.57,31.21,1.0,-1,-1,-1
132,1074,514.47,214.02,15.70,25.99,1.0,-1,-1,-1
132,1077,1069.41,436.96,23.93,52.41,1.0,-1,-1,-1
133,1049,418.60,301.17,67.06,61.91,1.0,-1,-1,-1
133,1053,756.68,202.60,40.67,31.56,1.0,-1,-1,-1
133,1057,596.67,465.73,129.97,115.39,1.0,-1,-1,-1
133,1064,1054.09,326.84,92.66,45.28,1.0,-1,-1,-1
133,1075,1008.47,425.70,23.16,52.78,1.0,-1,-1,-1
133,1080,1177.13,377.24,15.57,33.48,1.0,-1,-1,-1
133,1063,672.93,204.94,36.32,31.02,1.0,-1,-1,-1
133,1074,513.96,213.53,16.06,26.65,1.0,-1,-1,-1
134,1049,417.53,301.35,67.30,62.06,1.0,-1,-1,-1
134,1053,757.68,203.01,40.07,31.24,1.0,-1,-1,-1
134,1057,593.08,471.01,128.07,114.41,1.0,-1,-1,-1
134,1064,1052.00,327.33,95.23,46.41,1.0,-1,-1,-1
134,1075,1008.99,426.74,23.53,53.02,1.0,-1,-1,-1
134,1080,1178.75,377.61,15.61,33.28,1.0,-1,-1,-1
134,1063,672.62,203.28,36.87,31.62,1.0,-1,-1,-1
134,1074,514.18,213.99,16.04,26.90,1.0,-1,-1,-1
134,1050,344.78,350.35,21.30,44.84,1.0,-1,-1,-1
134,1067,404.97,665.94,95.65,107.46,1.0,-1,-1,-1
135,1049,416.92,302.71,67.85,62.77,1.0,-1,-1,-1
135,1053,757.65,202.49,40.65,31.77,1.0,-1,-1,-1
135,1057,588.11,476.19,127.55,114.61,1.0,-1,-1,-1
135,1075,1009.65,427.12,24.04,53.75,1.0,-1,-1,-1
135,1080,1180.94,379.67,14.98,31.86,1.0,-1,-1,-1
135,1063,672.86,203.36,36.35,31.19,1.0,-1,-1,-1
135,1074,513.93,213.49,16.08,26.99,1.0,-1,-1,-1
135,1078,577.10,167.96,11.98,20.03,1.0,-1,-1,-1
136,1049,416.71,304.50,67.42,62.37,1.0,-1,-1,-1
136,1053,757.38,202.29,40.72,31.96,1.0,-1,-1,-1
136,1057,586.87,482.62,126.30,113.98,1.0,-1,-1,-1
136,1075,1010.18,427.90,23.65,52.71,1.0,-1,-1,-1
136,1080,1183.05,379.70,16.03,34.00,1.0,-1,-1,-1
136,1063,672.95,202.78,36.15,31.03,1.0,-1,-1,-1
136,1074,514.08,213.94,16.30,27.69,1.0,-1,-1,-1
136,1078,576.95,168.24,11.96,19.98,1.0,-1,-1,-1
136,1058,1113.82,199.99,37.40,27.05,1.0,-1,-1,-1
136,1064,1059.26,329.90,92.47,45.33,1.0,-1,-1,-1
137,1049,415.69,304.49,67.85,62.86,1.0,-1,-1,-1
137,1053,756.87,202.19,41.54,32.69,1.0,-1,-1,-1
137,1057,578.90,486.90,129.94,118.29,1.0,-1,-1,-1
137,1075,1010.73,427.51,24.11,54.28,1.0,-1,-1,-1
137,1080,1184.29,381.00,16.08,34.11,1.0,-1,-1,-1
137,1078,575.74,168.35,12.92,21.98,1.0,-1,-1,-1
137,1064,1058.60,332.39,92.05,45.07,1.0,-1,-1,-1
137,1077,1078.90,446.01,23.26,50.25,1.0,-1,-1,-1
137,1050,335.60,353.81,21.51,45.01,1.0,-1,-1,-1
138,1049,414.70,304.46,67.95,63.04,1.0,-1,-1,-1
138,1053,756.98,202.80,41.89,32.96,1.0,-1,-1,-1
138,1057,576.81,494.88,127.71,116.65,1.0,-1,-1,-1
138,1075,1011.99,429.30,22.80,51.60,1.0,-1,-1,-1
138,1080,1185.07,382.76,16.63,35.45,1.0,-1,-1,-1
138,1078,575.67,169.03,12.54,21.41,1.0,-1,-1,-1
138,1064,1059.75,333.90,91.77,44.98,1.0,-1,-1,-1
138,1050,332.76,355.60,20.99,44.32,1.0,-1,-1,-1
138,1056,792.09,324.05,55.91,54.89,1.0,-1,-1,-1
138,1063,672.93,202.52,35.41,30.20,1.0,-1,-1,-1
139,1049,413.35,306.39,68.02,63.10,1.0,-1,-1,-1
139,1053,757.67,203.03,42.02,33.06,1.0,-1,-1,-1
139,1057,572.21,499.13,128.88,117.90,1.0,-1,-1,-1
139,1075,1012.40,429.31,23.08,52.54,1.0,-1,-1,-1
139,1080,1186.27,383.39,16.87,35.95,1.0,-1,-1,-1
139,1064,1061.27,333.75,94.04,46.27,1.0,-1,-1,-1
139,1050,328.78,356.21,21.55,45.41,1.0,-1,-1,-1
139,1056,792.21,324.36,56.55,55.01,1.0,-1,-1,-1
140,1049,412.48,308.41,68.14,63.11,1.0,-1,-1,-1
140,1053,757.56,203.76,42.16,33.09,1.0,-1,-1,-1
140,1057,563.07,503.86,131.94,121.61,1.0,-1,-1,-1
140,1075,1013.11,429.96,23.35,53.54,1.0,-1,-1,-1
140,1080,1188.46,386.18,15.99,34.18,1.0,-1,-1,-1
140,1064,1061.43,334.97,94.97,46.76,1.0,-1,-1,-1
140,1050,325.55,357.72,21.47,45.82,1.0,-1,-1,-1
140,1056,792.54,325.79,58.83,57.04,1.0,-1,-1,-1
140,1052,702.88,127.16,33.16,27.97,1.0,-1,-1,-1
141,1049,412.06,309.80,68.42,63.11,1.0,-1,-1,-1
141,1053,757.77,204.68,42.35,33.09,1.0,-1,-1,-1
141,1057,557.55,512.01,130.92,121.05,1.0,-1,-1,-1
141,1075,1013.53,430.84,23.12,53.26,1.0,-1,-1,-1
141,1080,1191.39,385.87,15.98,34.12,1.0,-1,-1,-1
141,1064,1060.68,335.39,96.83,47.60,1.0,-1,-1,-1
141,1050,323.53,359.57,20.60,44.00,1.0,-1,-1,-1
141,1056,793.13,326.94,58.06,55.83,1.0,-1,-1,-1
141,1052,704.78,125.91,30.41,27.40,1.0,-1,-1,-1
142,1049,411.39,309.63,68.28,63.10,1.0,-1,-1,-1
142,1053,758.53,206.34,41.70,32.43,1.0,-1,-1,-1
142,1057,552.38,517.61,132.35,122.73,1.0,-1,-1,-1
142,1075,1013.65,430.49,24.40,56.44,1.0,-1,-1,-1
142,1080,1193.08,387.04,15.97,34.10,1.0,-1,-1,-1
142,1064,1058.70,334.86,101.49,49.88,1.0,-1,-1,-1
142,1050,321.86,360.90,21.02,45.30,1.0,-1,-1,-1
142,1056,793.52,328.00,58.05,55.35,1.0,-1,-1,-1
142,1052,705.79,125.49,28.76,27.18,1.0,-1,-1,-1
143,1049,411.46,311.50,68.96,63.75,1.0,-1,-1,-1
143,1053,758.76,206.95,41.54,32.17,1.0,-1,-1,-1
143,1057,547.09,524.80,133.94,124.63,1.0,-1,-1,-1
143,1075,1014.58,431.64,24.38,56.97,1.0,-1,-1,-1
143,1080,1194.67,389.41,15.25,32.76,1.0,-1,-1,-1
143,1064,1062.75,336.57,98.12,48.16,1.0,-1,-1,-1
143,1050,319.28,362.02,21.92,46.43,1.0,-1,-1,-1
143,1056,794.37,329.68,57.27,53.83,1.0,-1,-1,-1
143,1052,706.13,125.38,28.18,27.75,1.0,-1,-1,-1
144,1049,411.14,312.83,69.29,63.99,1.0,-1,-1,-1
144,1053,758.72,207.16,42.40,32.73,1.0,-1,-1,-1
144,1057,539.48,531.94,134.96,125.97,1.0,-1,-1,-1
144,1075,1014.89,432.07,24.42,57.16,1.0,-1,-1,-1
144,1080,1196.45,390.25,15.12,32.24,1.0,-1,-1,-1
144,1064,1065.89,338.52,96.90,47.45,1.0,-1,-1,-1
144,1050,317.10,362.40,22.24,47.51,1.0,-1,-1,-1
144,1056,796.01,332.27,56.98,52.59,1.0,-1,-1,-1
144,1052,707.01,125.38,27.09,27.31,1.0,-1,-1,-1
144,1081,749.61,184.00,37.97,27.00,1.0,-1,-1,-1
144,1058,1116.47,202.08,42.15,28.92,1.0,-1,-1,-1
144,1078,572.53,173.97,13.04,21.97,1.0,-1,-1,-1
145,1049,411.80,314.62,69.22,63.41,1.0,-1,-1,-1
145,1053,760.33,207.88,42.07,32.28,1.0,-1,-1,-1
145,1057,533.86,539.71,138.44,129.70,1.0,-1,-1,-1
145,1075,1017.25,431.56,24.50,57.21,1.0,-1,-1,-1
145,1080,1199.32,392.52,17.20,36.74,1.0,-1,-1,-1
145,1064,1064.54,336.56,102.72,50.49,1.0,-1,-1,-1
145,1050,316.78,363.16,22.16,47.92,1.0,-1,-1,-1
145,1058,1119.14,202.13,42.59,28.35,1.0,-1,-1,-1
145,1063,673.50,194.13,36.86,30.95,1.0,-1,-1,-1
146,1049,412.66,315.25,69.99,63.85,1.0,-1,-1,-1
146,1053,763.80,209.46,40.20,30.78,1.0,-1,-1,-1
146,1057,523.60,545.76,144.64,137.55,1.0,-1,-1,-1
146,1075,1019.59,432.00,24.90,57.87,1.0,-1,-1,-1
146,1080,1203.50,395.87,16.73,35.81,1.0,-1,-1,-1
146,1064,1075.48,339.69,94.85,47.10,1.0,-1,-1,-1
146,1050,316.97,363.41,22.35,48.72,1.0,-1,-1,-1
146,1081,753.46,184.90,39.11,27.90,1.0,-1,-1,-1
147,1049,412.61,315.45,71.05,64.66,1.0,-1,-1,-1
147,1053,765.75,210.03,40.19,30.88,1.0,-1,-1,-1
147,1057,516.04,555.62,144.88,137.98,1.0,-1,-1,-1
147,1075,1021.20,434.12,24.86,57.46,1.0,-1,-1,-1
147,1080,1207.49,396.51,16.33,34.73,1.0,-1,-1,-1
147,1050,315.58,364.13,22.22,49.02,1.0,-1,-1,-1
147,1081,755.64,185.05,39.24,28.05,1.0,-1,-1,-1
147,1066,738.44,197.99,13.06,24.03,1.0,-1,-1,-1
147,1056,798.59,333.44,63.39,58.86,1.0,-1,-1,-1
148,1049,411.90,316.15,71.54,64.97,1.0,-1,-1,-1
148,1053,766.49,209.56,40.77,31.59,1.0,-1,-1,-1
148,1057,508.76,565.77,147.47,140.64,1.0,-1,-1,-1
148,1075,1022.77,436.88,24.18,55.30,1.0,-1,-1,-1
148,1080,1209.94,398.67,16.13,34.31,1.0,-1,-1,-1
148,1050,313.88,365.67,21.40,47.16,1.0,-1,-1,-1
148,1066,737.88,196.33,13.60,25.42,1.0,-1,-1,-1
148,1056,800.59,335.44,61.02,56.57,1.0,-1,-1,-1
148,1063,675.63,191.85,37.91,31.85,1.0,-1,-1,-1
148,1064,1072.57,341.94,97.79,48.59,1.0,-1,-1,-1
149,1049,411.63,317.69,71.08,64.41,1.0,-1,-1,-1
149,1057,497.21,570.13,156.58,151.94,1.0,-1,-1,-1
149,1075,1025.01,437.91,23.89,53.80,1.0,-1,-1,-1
149,1080,1211.16,400.75,16.59,35.47,1.0,-1,-1,-1
149,1050,311.21,365.56,21.33,47.09,1.0,-1,-1,-1
149,1066,737.92,195.83,13.38,25.14,1.0,-1,-1,-1
149,1056,802.27,337.49,59.53,55.00,1.0,-1,-1,-1
149,1064,1079.05,345.00,93.82,46.91,1.0,-1,-1,-1
149,1054,979.86,319.00,57.15,47.99,1.0,-1,-1,-1
150,1049,411.53,319.56,70.25,63.53,1.0,-1,-1,-1
150,1057,481.47,576.77,170.24,168.85,1.0,-1,-1,-1
150,1075,1026.62,438.92,24.13,53.90,1.0,-1,-1,-1
150,1080,1212.65,402.13,16.55,35.24,1.0,-1,-1,-1
150,1050,309.06,367.47,20.43,45.08,1.0,-1,-1,-1
150,1066,738.07,195.01,13.00,24.36,1.0,-1,-1,-1
150,1056,801.82,338.21,60.37,55.73,1.0,-1,-1,-1
150,1064,1085.83,348.09,89.49,44.95,1.0,-1,-1,-1
150,1054,980.53,320.00,57.97,48.01,1.0,-1,-1,-1
150,1078,573.48,179.92,13.50,22.93,1.0,-1,-1,-1
150,1053,768.02,210.90,40.17,31.13,1.0,-1,-1,-1
151,1049,410.78,320.22,70.72,63.86,1.0,-1,-1,-1
151,1057,472.70,592.94,164.75,164.33,1.0,-1,-1,-1
151,1075,1027.10,437.94,24.39,54.61,1.0,-1,-1,-1
151,1080,1214.65,403.91,16.10,34.49,1.0,-1,-1,-1
151,1050,307.14,368.15,19.83,43.63,1.0,-1,-1,-1
151,1066,737.42,193.38,13.59,25.43,1.0,-1,-1,-1
151,1056,800.69,337.79,63.88,59.27,1.0,-1,-1,-1
151,1064,1087.69,348.50,90.38,45.58,1.0,-1,-1,-1
151,1054,980.52,321.00,60.05,49.35,1.0,-1,-1,-1
151,1053,768.25,211.82,40.04,31.03,1.0,-1,-1,-1
152,1049,410.78,321.10,70.34,63.32,1.0,-1,-1,-1
152,1057,469.13,600.65,162.94,165.35,1.0,-1,-1,-1
152,1075,1027.38,436.89,24.87,56.20,1.0,-1,-1,-1
152,1080,1216.98,403.19,16.60,35.52,1.0,-1,-1,-1
152,1056,800.71,338.26,64.92,60.60,1.0,-1,-1,-1
152,1064,1089.84,350.61,92.28,47.13,1.0,-1,-1,-1
152,1054,981.70,322.66,61.04,49.19,1.0,-1,-1,-1
152,1053,768.34,211.47,40.62,31.66,1.0,-1,-1,-1
152,1077,1107.27,479.89,23.44,49.02,1.0,-1,-1,-1
152,1063,677.64,187.13,37.57,31.99,1.0,-1,-1,-1
153,1049,410.08,322.04,70.30,63.11,1.0,-1,-1,-1
153,1057,465.41,608.56,158.27,160.49,1.0,-1,-1,-1
153,1075,1028.04,436.47,25.17,57.45,1.0,-1,-1,-1
153,1080,1218.15,407.46,16.70,35.90,1.0,-1,-1,-1
153,1056,801.69,340.34,62.67,58.51,1.0,-1,-1,-1
153,1064,1092.03,350.70,94.03,48.37,1.0,-1,-1,-1
153,1054,982.57,323.25,61.12,49.11,1.0,-1,-1,-1
153,1053,768.14,211.32,40.62,31.89,1.0,-1,-1,-1
153,1050,302.30,369.19,22.11,48.60,1.0,-1,-1,-1
154,1049,408.20,321.70,71.56,64.36,1.0,-1,-1,-1
154,1057,463.75,619.19,148.88,150.57,1.0,-1,-1,-1
154,1075,1029.37,438.90,24.36,55.31,1.0,-1,-1,-1
154,1080,1218.94,408.39,17.22,37.35,1.0,-1,-1,-1
154,1056,801.99,341.12,63.85,59.63,1.0,-1,-1,-1
154,1064,1090.10,351.34,96.80,50.15,1.0,-1,-1,-1
154,1054,982.03,323.43,62.80,50.41,1.0,-1,-1,-1
154,1053,767.38,211.25,41.28,32.64,1.0,-1,-1,-1
154,1050,300.46,371.27,21.94,48.42,1.0,-1,-1,-1
154,1074,518.47,228.92,13.91,23.05,1.0,-1,-1,-1
155,1049,407.76,322.20,71.52,64.17,1.0,-1,-1,-1
155,1057,465.62,635.60,132.19,133.25,1.0,-1,-1,-1
155,1075,1029.01,437.83,25.69,59.12,1.0,-1,-1,-1
155,1080,1220.53,410.00,16.65,35.95,1.0,-1,-1,-1
155,1056,802.10,342.03,64.26,60.04,1.0,-1,-1,-1
155,1064,1093.84,352.84,91.37,47.59,1.0,-1,-1,-1
155,1053,767.08,211.86,42.17,33.57,1.0,-1,-1,-1
155,1050,298.29,373.35,21.67,47.67,1.0,-1,-1,-1
155,1063,671.22,177.21,46.63,41.36,1.0,-1,-1,-1
156,1049,406.69,323.67,72.03,64.75,1.0,-1,-1,-1
156,1057,468.42,650.95,116.33,116.26,1.0,-1,-1,-1
156,1075,1028.83,438.08,25.62,59.85,1.0,-1,-1,-1
156,1080,1222.22,412.53,16.73,36.04,1.0,-1,-1,-1
156,1056,802.78,343.66,64.38,60.18,1.0,-1,-1,-1
156,1064,1095.42,355.36,89.43,46.54,1.0,-1,-1,-1
156,1053,767.66,212.73,41.75,33.27,1.0,-1,-1,-1
156,1050,296.47,374.78,21.75,48.02,1.0,-1,-1,-1
156,1063,669.50,174.59,47.61,43.33,1.0,-1,-1,-1
156,1054,984.33,325.09,63.91,51.70,1.0,-1,-1,-1
157,1049,404.92,324.20,74.31,66.94,1.0,-1,-1,-1
157,1057,470.65,662.21,106.88,105.35,1.0,-1,-1,-1
157,1075,1029.43,439.47,24.81,58.82,1.0,-1,-1,-1
157,1080,1224.91,412.10,17.12,36.72,1.0,-1,-1,-1
157,1056,803.13,344.90,64.20,60.21,1.0,-1,-1,-1
157,1053,767.52,213.06,42.25,33.80,1.0,-1,-1,-1
157,1050,294.72,375.93,22.08,48.80,1.0,-1,-1,-1
157,1063,673.14,179.23,41.82,37.83,1.0,-1,-1,-1
157,1054,985.52,326.71,61.90,49.93,1.0,-1,-1,-1
158,1049,405.77,326.97,71.52,64.50,1.0,-1,-1,-1
158,1057,472.71,674.09,96.68,93.28,1.0,-1,-1,-1
158,1075,1029.69,438.67,25.69,61.69,1.0,-1,-1,-1
158,1080,1226.88,413.20,17.22,36.98,1.0,-1,-1,-1
158,1056,802.91,345.33,64.80,60.86,1.0,-1,-1,-1
158,1053,767.86,213.82,41.66,33.35,1.0,-1,-1,-1
158,1050,292.17,375.04,22.85,51.04,1.0,-1,-1,-1
158,1063,676.10,182.03,37.88,34.07,1.0,-1,-1,-1
158,1054,985.35,327.26,62.97,50.62,1.0,-1,-1,-1
158,1083,960.13,267.60,54.54,58.40,1.0,-1,-1,-1
158,1078,569.92,189.88,13.43,23.00,1.0,-1,-1,-1
158,1064,1104.12,358.02,81.95,42.97,1.0,-1,-1,-1
159,1049,404.05,327.34,73.27,66.19,1.0,-1,-1,-1
159,1057,469.74,687.67,85.94,79.26,1.0,-1,-1,-1
159,1075,1031.51,442.24,23.19,55.01,1.0,-1,-1,-1
159,1080,1228.35,414.87,16.98,36.41,1.0,-1,-1,-1
159,1056,803.49,347.42,64.95,61.10,1.0,-1,-1,-1
159,1053,768.64,214.09,41.41,33.16,1.0,-1,-1,-1
159,1050,290.02,375.96,22.37,49.94,1.0,-1,-1,-1
159,1063,677.75,184.45,35.29,31.33,1.0,-1,-1,-1
159,1054,985.60,327.44,63.34,50.87,1.0,-1,-1,-1
159,1083,960.38,267.13,55.75,59.64,1.0,-1,-1,-1
159,1078,570.21,192.39,12.46,20.93,1.0,-1,-1,-1
159,1066,734.79,187.92,12.71,24.06,1.0,-1,-1,-1
160,1049,402.37,328.77,73.41,66.15,1.0,-1,-1,-1
160,1075,1032.99,444.34,22.60,52.91,1.0,-1,-1,-1
160,1080,1229.24,416.11,18.04,38.83,1.0,-1,-1,-1
160,1056,804.00,348.84,65.05,61.17,1.0,-1,-1,-1
160,1053,767.92,214.84,42.00,33.75,1.0,-1,-1,-1
160,1050,287.24,376.93,22.31,48.82,1.0,-1,-1,-1
160,1054,986.18,328.13,63.76,51.62,1.0,-1,-1,-1
160,1083,961.60,267.75,56.19,60.05,1.0,-1,-1,-1
160,1066,734.69,187.75,12.56,23.99,1.0,-1,-1,-1
161,1049,400.42,329.27,74.80,67.44,1.0,-1,-1,-1
161,1075,1032.82,444.38,23.73,54.89,1.0,-1,-1,-1
161,1080,1230.70,418.48,18.05,39.07,1.0,-1,-1,-1
161,1056,805.05,350.65,63.99,59.87,1.0,-1,-1,-1
161,1053,767.40,215.11,42.05,33.96,1.0,-1,-1,-1
161,1050,284.68,378.59,22.15,47.71,1.0,-1,-1,-1
161,1054,989.36,329.67,61.86,50.59,1.0,-1,-1,-1
161,1083,962.72,268.71,57.05,60.89,1.0,-1,-1,-1
161,1066,734.68,187.69,12.47,23.96,1.0,-1,-1,-1
161,1074,517.30,231.12,14.57,23.95,1.0,-1,-1,-1
161,1064,1103.44,358.51,90.77,48.11,1.0,-1,-1,-1
161,1078,569.77,194.16,12.39,20.94,1.0,-1,-1,-1
162,1049,399.72,330.09,75.29,67.92,1.0,-1,-1,-1
162,1075,1033.60,445.70,24.40,55.60,1.0,-1,-1,-1
162,1080,1234.46,420.65,17.38,37.85,1.0,-1,-1,-1
162,1056,805.81,351.29,64.13,60.02,1.0,-1,-1,-1
162,1053,767.53,215.85,42.04,34.04,1.0,-1,-1,-1
162,1050,283.69,379.85,22.33,47.95,1.0,-1,-1,-1
162,1054,989.94,329.55,63.00,52.19,1.0,-1,-1,-1
162,1083,964.14,269.74,57.32,61.14,1.0,-1,-1,-1
162,1066,734.70,187.02,12.40,23.95,1.0,-1,-1,-1
163,1049,398.81,331.02,76.16,68.75,1.0,-1,-1,-1
163,1075,1034.41,446.17,24.90,56.53,1.0,-1,-1,-1
163,1080,1236.01,421.42,17.41,38.02,1.0,-1,-1,-1
163,1056,806.34,352.81,64.97,60.73,1.0,-1,-1,-1
163,1053,767.60,216.77,41.97,34.06,1.0,-1,-1,-1
163,1050,283.09,380.94,22.34,48.03,1.0,-1,-1,-1
163,1054,990.81,330.79,62.07,51.47,1.0,-1,-1,-1
163,1083,964.53,270.78,57.52,61.20,1.0,-1,-1,-1
163,1066,734.73,186.13,12.35,23.96,1.0,-1,-1,-1
163,1084,590.55,204.80,42.89,38.80,1.0,-1,-1,-1
163,1081,756.28,192.00,40.80,29.99,1.0,-1,-1,-1
163,1064,1102.29,360.87,97.97,52.81,1.0,-1,-1,-1
163,1078,567.80,196.07,14.55,24.95,1.0,-1,-1,-1
164,1049,397.29,331.99,76.26,69.05,1.0,-1,-1,-1
164,1075,1035.85,446.32,25.39,57.54,1.0,-1,-1,-1
164,1080,1237.61,425.61,17.24,37.42,1.0,-1,-1,-1
164,1056,806.46,353.34,66.71,62.30,1.0,-1,-1,-1
164,1053,767.65,217.10,41.89,34.07,1.0,-1,-1,-1
164,1050,281.12,381.32,22.68,48.72,1.0,-1,-1,-1
164,1054,991.83,331.90,60.90,50.52,1.0,-1,-1,-1
164,1083,964.92,271.82,56.97,60.51,1.0,-1,-1,-1
164,1066,735.15,185.82,12.18,23.96,1.0,-1,-1,-1
164,1084,589.71,207.25,42.27,38.19,1.0,-1,-1,-1
164,1085,670.70,730.00,103.80,35.00,1.0,-1,-1,-1
164,1081,756.66,192.14,39.24,30.03,1.0,-1,-1,-1
164,1078,568.01,197.05,14.44,25.15,1.0,-1,-1,-1
165,1049,396.74,333.64,75.64,68.50,1.0,-1,-1,-1
165,1075,1035.37,445.04,26.93,61.20,1.0,-1,-1,-1
165,1080,1238.66,426.47,18.10,39.17,1.0,-1,-1,-1
165,1056,807.05,354.16,66.90,62.24,1.0,-1,-1,-1
165,1053,767.97,217.21,41.90,34.06,1.0,-1,-1,-1
165,1050,280.73,382.08,22.23,47.00,1.0,-1,-1,-1
165,1054,993.15,334.27,61.82,50.82,1.0,-1,-1,-1
165,1083,967.48,274.22,55.96,59.55,1.0,-1,-1,-1
165,1084,589.37,208.08,43.74,39.54,1.0,-1,-1,-1
165,1085,663.88,724.82,118.76,40.18,1.0,-1,-1,-1
165,1081,757.44,192.19,40.05,30.70,1.0,-1,-1,-1
165,1078,567.66,198.04,14.00,24.56,1.0,-1,-1,-1
166,1049,395.38,334.89,76.44,69.59,1.0,-1,-1,-1
166,1075,1036.70,446.48,24.43,55.50,1.0,-1,-1,-1
166,1080,1241.83,428.06,17.33,37.22,1.0,-1,-1,-1
166,1056,807.39,355.74,66.70,62.20,1.0,-1,-1,-1
166,1053,768.05,217.89,41.32,33.40,1.0,-1,-1,-1
166,1050,279.12,383.00,22.49,47.00,1.0,-1,-1,-1
166,1054,992.85,335.12,63.04,51.60,1.0,-1,-1,-1
166,1083,968.78,275.74,55.45,59.19,1.0,-1,-1,-1
166,1084,588.57,209.76,44.17,39.97,1.0,-1,-1,-1
166,1085,653.44,717.22,140.15,47.78,1.0,-1,-1,-1
166,1078,567.72,199.03,13.47,23.65,1.0,-1,-1,-1
166,1052,716.62,120.88,24.78,26.01,1.0,-1,-1,-1
166,1063,680.76,183.81,32.43,28.15,1.0,-1,-1,-1
167,1049,393.80,335.98,76.32,69.99,1.0,-1,-1,-1
167,1075,1037.18,447.70,23.39,53.12,1.0,-1,-1,-1
167,1080,1244.28,429.24,17.08,36.42,1.0,-1,-1,-1
167,1056,808.32,357.62,65.61,60.86,1.0,-1,-1,-1
167,1053,768.04,218.12,41.82,33.81,1.0,-1,-1,-1
167,1050,277.45,382.64,23.55,48.99,1.0,-1,-1,-1
167,1054,993.32,336.06,64.22,52.55,1.0,-1,-1,-1
167,1083,970.07,277.61,54.89,58.38,1.0,-1,-1,-1
167,1084,584.60,210.99,46.70,42.25,1.0,-1,-1,-1
167,1085,647.41,712.42,152.37,52.58,1.0,-1,-1,-1
167,1078,567.37,200.03,13.37,23.29,1.0,-1,-1,-1
167,1063,679.18,183.14,35.01,30.86,1.0,-1,-1,-1
167,1064,1103.23,366.88,99.83,53.90,1.0,-1,-1,-1
167,1081,758.70,193.00,39.37,30.19,1.0,-1,-1,-1
168,1049,392.70,336.36,76.67,70.78,1.0,-1,-1,-1
168,1075,1037.75,448.11,22.87,51.59,1.0,-1,-1,-1
168,1080,1245.72,430.29,17.76,38.13,1.0,-1,-1,-1
168,1056,808.95,358.94,65.27,60.33,1.0,-1,-1,-1
168,1053,767.69,218.20,42.69,34.61,1.0,-1,-1,-1
168,1050,276.82,383.79,23.36,48.42,1.0,-1,-1,-1
168,1054,994.88,337.69,63.82,51.59,1.0,-1,-1,-1
168,1083,970.84,278.93,55.36,58.76,1.0,-1,-1,-1
168,1084,584.65,213.43,45.45,40.98,1.0,-1,-1,-1
168,1085,639.70,706.79,165.88,58.21,1.0,-1,-1,-1
168,1066,735.41,182.14,12.03,23.99,1.0,-1,-1,-1
169,1049,392.10,337.12,75.91,70.42,1.0,-1,-1,-1
169,1075,1036.88,446.89,25.44,57.80,1.0,-1,-1,-1
169,1080,1247.66,431.95,17.07,36.80,1.0,-1,-1,-1
169,1056,808.68,360.72,66.76,61.46,1.0,-1,-1,-1
169,1053,767.93,218.21,42.27,34.26,1.0,-1,-1,-1
169,1050,276.39,386.19,22.52,46.21,1.0,-1,-1,-1
169,1054,994.30,338.93,65.93,53.21,1.0,-1,-1,-1
169,1083,971.34,280.04,55.69,58.90,1.0,-1,-1,-1
169,1084,584.14,216.35,44.76,40.43,1.0,-1,-1,-1
169,1085,631.98,699.61,181.81,65.39,1.0,-1,-1,-1
169,1086,48.27,580.60,28.46,43.20,1.0,-1,-1,-1
169,1066,735.37,181.81,12.19,24.69,1.0,-1,-1,-1
169,1078,566.04,200.48,14.11,24.66,1.0,-1,-1,-1
169,1064,1105.78,366.81,100.27,53.99,1.0,-1,-1,-1
170,1049,391.31,338.03,76.81,71.57,1.0,-1,-1,-1
170,1075,1037.00,447.10,25.51,58.07,1.0,-1,-1,-1
170,1080,1249.73,432.50,18.63,40.27,1.0,-1,-1,-1
170,1053,768.11,218.86,41.91,34.12,1.0,-1,-1,-1
170,1050,274.58,387.73,22.96,47.37,1.0,-1,-1,-1
170,1054,995.65,340.02,65.50,52.50,1.0,-1,-1,-1
170,1083,972.37,281.74,55.37,58.29,1.0,-1,-1,-1
170,1084,583.65,219.38,43.14,38.85,1.0,-1,-1,-1
170,1085,625.86,693.70,192.38,71.30,1.0,-1,-1,-1
170,1086,47.18,580.91,28.31,43.04,1.0,-1,-1,-1
170,1064,1105.09,367.99,101.92,54.00,1.0,-1,-1,-1
170,1063,676.59,164.31,33.26,29.30,1.0,-1,-1,-1
171,1049,390.48,338.99,76.96,72.00,1.0,-1,-1,-1
171,1075,1037.16,447.17,25.90,59.46,1.0,-1,-1,-1
171,1080,1251.99,435.26,18.07,38.96,1.0,-1,-1,-1
171,1053,768.54,219.09,42.36,34.73,1.0,-1,-1,-1
171,1050,272.97,387.61,23.78,49.11,1.0,-1,-1,-1
171,1054,997.44,341.05,65.35,52.21,1.0,-1,-1,-1
171,1083,972.66,282.33,56.04,58.73,1.0,-1,-1,-1
171,1084,582.46,221.78,43.29,38.95,1.0,-1,-1,-1
171,1085,620.24,688.92,199.23,76.08,1.0,-1,-1,-1
171,1078,564.97,204.43,14.24,24.95,1.0,-1,-1,-1
172,1049,389.22,339.98,78.32,73.46,1.0,-1,-1,-1
172,1075,1037.14,447.83,25.53,58.68,1.0,-1,-1,-1
172,1080,1253.72,436.95,17.94,38.40,1.0,-1,-1,-1
172,1053,768.74,219.82,41.79,34.29,1.0,-1,-1,-1
172,1050,272.12,388.83,23.35,48.46,1.0,-1,-1,-1
172,1054,997.57,342.05,66.29,52.76,1.0,-1,-1,-1
172,1083,973.05,282.50,56.98,59.56,1.0,-1,-1,-1
172,1084,578.44,225.27,43.82,38.98,1.0,-1,-1,-1
172,1056,808.14,364.12,69.97,64.47,1.0,-1,-1,-1
173,1049,389.36,342.94,76.34,71.39,1.0,-1,-1,-1
173,1075,1037.39,449.39,25.46,58.35,1.0,-1,-1,-1
173,1080,1255.81,438.85,17.50,37.52,1.0,-1,-1,-1
173,1053,769.77,221.40,41.64,34.12,1.0,-1,-1,-1
173,1050,270.87,389.92,23.85,49.52,1.0,-1,-1,-1
173,1054,997.20,343.05,68.09,54.28,1.0,-1,-1,-1
173,1083,973.03,283.19,57.60,59.87,1.0,-1,-1,-1
173,1084,579.14,227.83,44.44,39.67,1.0,-1,-1,-1
173,1056,807.62,365.14,70.51,64.92,1.0,-1,-1,-1
173,1085,609.61,677.40,216.73,86.23,1.0,-1,-1,-1
174,1049,389.03,344.70,75.75,70.56,1.0,-1,-1,-1
174,1075,1038.85,453.26,24.01,54.26,1.0,-1,-1,-1
174,1080,1258.80,440.16,17.41,37.18,1.0,-1,-1,-1
174,1053,769.07,221.32,43.08,35.38,1.0,-1,-1,-1
174,1050,270.98,392.27,22.96,47.30,1.0,-1,-1,-1
174,1054,998.70,344.70,66.74,53.54,1.0,-1,-1,-1
174,1083,972.62,284.07,58.55,60.65,1.0,-1,-1,-1
174,1084,577.79,229.36,45.97,41.25,1.0,-1,-1,-1
174,1056,807.58,366.15,71.71,66.39,1.0,-1,-1,-1
174,1058,1144.14,217.98,48.70,30.99,1.0,-1,-1,-1
174,1064,1100.94,369.43,113.85,60.18,1.0,-1,-1,-1
175,1049,387.80,346.64,76.48,70.90,1.0,-1,-1,-1
175,1075,1041.08,454.71,23.43,51.99,1.0,-1,-1,-1
175,1080,1260.87,442.58,17.32,37.06,1.0,-1,-1,-1
175,1053,769.54,221.28,42.80,35.19,1.0,-1,-1,-1
175,1050,271.05,395.13,22.04,45.08,1.0,-1,-1,-1
175,1054,1000.29,345.95,66.07,53.24,1.0,-1,-1,-1
175,1083,973.05,285.02,59.02,60.94,1.0,-1,-1,-1
175,1084,573.98,231.18,49.29,44.46,1.0,-1,-1,-1
175,1056,808.02,366.49,72.54,67.58,1.0,-1,-1,-1
175,1064,1106.44,374.71,106.93,56.31,1.0,-1,-1,-1
175,1066,736.74,177.05,12.28,24.98,1.0,-1,-1,-1
176,1049,387.13,348.64,75.92,69.71,1.0,-1,-1,-1
176,1075,1042.33,455.21,24.33,53.22,1.0,-1,-1,-1
176,1080,1263.03,445.42,17.01,36.35,1.0,-1,-1,-1
176,1053,771.49,223.21,41.77,34.45,1.0,-1,-1,-1
176,1050,269.89,396.14,22.16,44.94,1.0,-1,-1,-1
176,1054,1000.87,347.03,66.46,53.79,1.0,-1,-1,-1
176,1083,973.23,285.34,59.76,61.70,1.0,-1,-1,-1
176,1056,809.16,367.88,71.53,66.73,1.0,-1,-1,-1
176,1064,1115.73,378.67,101.19,53.48,1.0,-1,-1,-1
176,1066,737.00,176.79,11.98,24.31,1.0,-1,-1,-1
176,1078,564.02,211.86,12.91,23.18,1.0,-1,-1,-1
176,1058,1144.88,219.04,50.42,31.80,1.0,-1,-1,-1
177,1049,385.82,350.01,77.21,70.57,1.0,-1,-1,-1
177,1075,1043.86,456.03,25.10,54.32,1.0,-1,-1,-1
177,1080,1265.39,447.08,16.30,34.08,1.0,-1,-1,-1
177,1053,772.88,224.60,40.71,33.50,1.0,-1,-1,-1
177,1050,267.12,394.46,23.64,48.23,1.0,-1,-1,-1
177,1054,1001.35,348.06,67.33,54.64,1.0,-1,-1,-1
177,1083,974.21,286.09,60.12,61.98,1.0,-1,-1,-1
177,1056,809.99,369.02,70.98,66.37,1.0,-1,-1,-1
177,1064,1121.39,383.44,97.16,51.77,1.0,-1,-1,-1
177,1066,736.82,176.03,11.76,24.09,1.0,-1,-1,-1
177,1078,563.68,213.76,13.43,23.71,1.0,-1,-1,-1
177,1084,571.19,236.70,50.58,45.79,1.0,-1,-1,-1
178,1049,384.49,350.47,78.12,71.55,1.0,-1,-1,-1
178,1075,1044.53,455.64,25.16,54.75,1.0,-1,-1,-1
178,1080,1268.05,449.64,17.70,37.32,1.0,-1,-1,-1
178,1053,772.70,225.76,40.36,33.15,1.0,-1,-1,-1
178,1050,265.52,395.13,23.44,48.14,1.0,-1,-1,-1
178,1054,1002.58,349.07,67.46,54.96,1.0,-1,-1,-1
178,1083,974.18,287.00,61.02,62.74,1.0,-1,-1,-1
178,1056,810.91,370.73,70.16,65.57,1.0,-1,-1,-1
178,1064,1123.75,383.76,97.68,52.50,1.0,-1,-1,-1
178,1084,570.23,239.08,51.13,46.62,1.0,-1,-1,-1
178,1086,32.53,590.89,26.21,40.03,1.0,-1,-1,-1
178,1058,1145.72,220.85,50.97,31.97,1.0,-1,-1,-1
179,1049,384.70,352.57,76.43,69.95,1.0,-1,-1,-1
179,1075,1044.78,455.46,25.12,54.91,1.0,-1,-1,-1
179,1053,772.53,226.16,41.07,33.68,1.0,-1,-1,-1
179,1050,264.33,396.67,23.29,48.10,1.0,-1,-1,-1
179,1054,1003.62,350.72,66.96,54.42,1.0,-1,-1,-1
179,1083,974.20,287.31,62.55,64.32,1.0,-1,-1,-1
179,1056,810.94,371.99,70.47,65.91,1.0,-1,-1,-1
179,1064,1114.30,381.85,106.46,56.74,1.0,-1,-1,-1
179,1084,568.60,241.86,51.32,46.92,1.0,-1,-1,-1
179,1078,562.40,217.67,12.74,22.36,1.0,-1,-1,-1
