1,5728,0.00,457.00,67.00,68.00,1.0,-1,-1,-1
1,5729,1546.00,432.00,90.00,46.00,1.0,-1,-1,-1
2,5728,-0.42,456.13,67.84,68.87,1.0,-1,-1,-1
2,5729,1548.14,431.13,88.32,45.13,1.0,-1,-1,-1
3,5728,-0.48,456.76,67.95,69.02,1.0,-1,-1,-1
3,5729,1548.18,430.98,91.05,46.56,1.0,-1,-1,-1
4,5728,-0.48,456.21,67.95,69.05,1.0,-1,-1,-1
5,5728,0.56,456.77,65.15,66.10,1.0,-1,-1,-1
6,5728,0.21,456.23,65.60,66.56,1.0,-1,-1,-1
6,5730,1354.10,491.00,256.19,90.80,1.0,-1,-1,-1
7,5728,0.09,456.05,65.77,66.74,1.0,-1,-1,-1
7,5730,1356.65,490.23,260.78,92.49,1.0,-1,-1,-1
8,5728,-0.90,455.99,66.34,67.51,1.0,-1,-1,-1
8,5730,1367.44,486.89,265.56,94.60,1.0,-1,-1,-1
9,5728,-1.49,455.29,67.03,68.49,1.0,-1,-1,-1
9,5730,1385.16,488.79,248.68,88.59,1.0,-1,-1,-1
10,5728,-1.34,455.71,65.88,67.50,1.0,-1,-1,-1
10,5730,1389.26,484.36,258.36,92.38,1.0,-1,-1,-1
11,5728,-1.80,455.20,65.84,67.81,1.0,-1,-1,-1
11,5730,1396.35,482.27,262.17,94.30,1.0,-1,-1,-1
12,5728,-1.87,455.02,64.98,67.25,1.0,-1,-1,-1
12,5730,1396.87,477.47,276.51,100.45,1.0,-1,-1,-1
12,5731,555.08,630.40,199.65,84.80,1.0,-1,-1,-1
13,5728,-2.09,454.95,64.39,67.05,1.0,-1,-1,-1
13,5730,1411.37,477.75,266.60,97.39,1.0,-1,-1,-1
13,5731,593.18,626.19,190.67,81.06,1.0,-1,-1,-1
14,5728,-2.03,454.94,65.25,68.31,1.0,-1,-1,-1
14,5730,1414.06,473.95,275.08,101.48,1.0,-1,-1,-1
15,5728,-1.90,454.94,65.36,68.78,1.0,-1,-1,-1
15,5730,1408.96,462.75,298.51,112.15,1.0,-1,-1,-1
16,5728,-2.34,454.94,63.77,67.64,1.0,-1,-1,-1
16,5730,1413.94,458.55,299.06,114.25,1.0,-1,-1,-1
17,5728,-2.08,455.61,62.98,67.20,1.0,-1,-1,-1
17,5730,1428.27,458.95,285.47,110.45,1.0,-1,-1,-1
17,5731,694.72,607.29,188.96,79.98,1.0,-1,-1,-1
18,5728,-2.12,455.20,63.66,68.37,1.0,-1,-1,-1
18,5730,1453.35,465.24,253.63,98.24,1.0,-1,-1,-1
18,5732,1012.64,860.80,139.32,68.20,1.0,-1,-1,-1
19,5728,-0.33,455.71,63.60,68.14,1.0,-1,-1,-1
19,5730,1470.30,469.27,242.19,94.06,1.0,-1,-1,-1
19,5732,1033.08,864.05,142.08,69.59,1.0,-1,-1,-1
20,5728,3.90,452.59,66.44,70.04,1.0,-1,-1,-1
20,5730,1485.15,468.00,239.60,93.96,1.0,-1,-1,-1
20,5732,1068.46,867.44,144.43,70.83,1.0,-1,-1,-1
21,5728,11.24,450.78,69.69,70.10,1.0,-1,-1,-1
21,5730,1501.07,462.89,246.51,97.96,1.0,-1,-1,-1
21,5732,1108.16,872.15,143.58,70.44,1.0,-1,-1,-1
22,5728,22.29,451.41,72.88,68.13,1.0,-1,-1,-1
22,5730,1526.98,466.30,234.11,94.17,1.0,-1,-1,-1
22,5732,1150.50,877.20,146.44,71.71,1.0,-1,-1,-1
23,5728,43.54,451.68,74.55,64.70,1.0,-1,-1,-1
23,5730,1559.98,465.05,236.75,96.03,1.0,-1,-1,-1
23,5732,1195.20,885.79,145.59,71.42,1.0,-1,-1,-1
24,5728,70.18,450.44,78.09,64.10,1.0,-1,-1,-1
24,5732,1237.96,889.40,146.91,71.97,1.0,-1,-1,-1
25,5728,96.64,450.68,80.14,62.55,1.0,-1,-1,-1
25,5732,1285.61,894.60,148.21,72.83,1.0,-1,-1,-1
25,5730,1623.40,462.18,234.30,96.03,1.0,-1,-1,-1
26,5728,123.68,450.78,83.50,62.67,1.0,-1,-1,-1
26,5732,1329.96,899.70,150.75,74.47,1.0,-1,-1,-1
27,5728,149.20,450.17,85.47,62.07,1.0,-1,-1,-1
27,5732,1373.56,905.42,153.92,76.39,1.0,-1,-1,-1
28,5728,177.64,449.95,86.14,60.52,1.0,-1,-1,-1
28,5732,1420.27,914.00,153.76,76.43,1.0,-1,-1,-1
28,5730,1710.30,468.32,204.98,85.79,1.0,-1,-1,-1
29,5728,203.60,449.88,86.68,59.30,1.0,-1,-1,-1
29,5732,1464.54,919.73,156.99,78.39,1.0,-1,-1,-1
29,5730,1749.59,473.05,196.68,82.78,1.0,-1,-1,-1
30,5728,229.86,450.54,85.81,56.85,1.0,-1,-1,-1
30,5732,1510.95,927.61,160.37,80.41,1.0,-1,-1,-1
31,5728,254.27,450.12,89.07,58.02,1.0,-1,-1,-1
31,5732,1556.95,936.31,162.34,81.81,1.0,-1,-1,-1
32,5728,281.21,449.31,88.87,56.46,1.0,-1,-1,-1
32,5732,1605.35,945.98,163.19,82.31,1.0,-1,-1,-1
32,5737,17.40,499.20,36.60,23.40,1.0,-1,-1,-1
33,5728,305.89,449.01,89.50,55.90,1.0,-1,-1,-1
33,5732,1653.63,954.70,164.38,83.11,1.0,-1,-1,-1
33,5737,38.08,496.68,35.06,22.30,1.0,-1,-1,-1
34,5728,327.04,448.91,93.52,57.75,1.0,-1,-1,-1
34,5732,1702.26,964.35,164.81,83.38,1.0,-1,-1,-1
34,5737,60.53,495.09,32.38,20.34,1.0,-1,-1,-1
34,5742,83.41,533.80,62.98,32.00,1.0,-1,-1,-1
35,5728,338.62,448.22,94.80,57.77,1.0,-1,-1,-1
35,5732,1740.56,971.07,169.50,86.07,1.0,-1,-1,-1
35,5737,66.77,493.14,33.35,20.64,1.0,-1,-1,-1
35,5742,97.08,533.95,65.86,33.54,1.0,-1,-1,-1
35,5744,189.68,537.60,56.44,30.80,1.0,-1,-1,-1
36,5728,343.36,448.64,94.76,57.14,1.0,-1,-1,-1
36,5732,1773.82,979.91,171.60,87.06,1.0,-1,-1,-1
36,5737,63.77,491.89,35.21,21.48,1.0,-1,-1,-1
36,5742,108.62,534.76,68.15,34.82,1.0,-1,-1,-1
36,5744,198.40,540.20,56.72,30.95,1.0,-1,-1,-1
36,5745,1363.61,804.20,128.58,62.80,1.0,-1,-1,-1
37,5728,342.88,448.80,96.23,57.58,1.0,-1,-1,-1
37,5732,1805.66,986.99,173.43,88.05,1.0,-1,-1,-1
37,5737,56.55,490.12,38.35,23.19,1.0,-1,-1,-1
37,5742,117.71,536.49,68.51,35.20,1.0,-1,-1,-1
37,5744,208.50,543.41,52.65,28.69,1.0,-1,-1,-1
37,5745,1384.32,810.19,128.76,62.95,1.0,-1,-1,-1
38,5728,342.00,448.87,96.35,57.10,1.0,-1,-1,-1
38,5732,1836.92,996.62,174.07,88.40,1.0,-1,-1,-1
38,5737,49.55,488.86,39.84,23.80,1.0,-1,-1,-1
38,5742,124.77,538.49,68.30,35.28,1.0,-1,-1,-1
38,5744,216.29,543.53,56.94,31.08,1.0,-1,-1,-1
38,5745,1412.65,817.64,127.28,62.23,1.0,-1,-1,-1
39,5728,339.88,448.24,97.95,57.59,1.0,-1,-1,-1
39,5732,1866.66,1003.32,178.18,90.44,1.0,-1,-1,-1
39,5737,42.63,487.79,39.65,23.35,1.0,-1,-1,-1
39,5742,133.31,540.55,67.76,35.27,1.0,-1,-1,-1
39,5744,223.90,545.68,58.16,31.78,1.0,-1,-1,-1
39,5745,1442.71,825.07,123.89,60.49,1.0,-1,-1,-1
40,5728,338.13,448.67,98.21,57.12,1.0,-1,-1,-1
40,5732,1898.12,1010.85,181.19,91.84,1.0,-1,-1,-1
40,5737,36.59,486.79,39.96,23.17,1.0,-1,-1,-1
40,5742,139.95,543.31,68.54,35.93,1.0,-1,-1,-1
40,5744,230.78,547.77,58.58,32.03,1.0,-1,-1,-1
40,5745,1468.30,830.14,127.29,62.15,1.0,-1,-1,-1
40,5746,1928.77,448.20,52.86,48.80,1.0,-1,-1,-1
41,5728,336.66,448.85,98.87,56.96,1.0,-1,-1,-1
41,5732,1928.79,1018.04,187.27,94.94,1.0,-1,-1,-1
41,5737,27.08,485.81,39.72,22.42,1.0,-1,-1,-1
41,5742,147.25,545.61,68.53,36.15,1.0,-1,-1,-1
41,5744,238.32,550.51,58.92,32.10,1.0,-1,-1,-1
41,5745,1492.93,833.75,131.21,64.12,1.0,-1,-1,-1
41,5746,1926.60,448.05,54.60,50.49,1.0,-1,-1,-1
41,5747,2.37,496.60,24.06,40.00,1.0,-1,-1,-1
41,5730,1956.02,469.03,180.37,79.05,1.0,-1,-1,-1
42,5728,334.68,448.25,100.53,57.57,1.0,-1,-1,-1
42,5732,1960.96,1025.76,191.07,96.74,1.0,-1,-1,-1
42,5737,20.28,485.51,39.99,22.14,1.0,-1,-1,-1
42,5742,154.18,547.75,69.42,36.87,1.0,-1,-1,-1
42,5744,245.89,552.12,58.96,32.12,1.0,-1,-1,-1
42,5745,1514.68,838.92,140.45,68.92,1.0,-1,-1,-1
42,5746,1924.38,447.99,55.10,51.06,1.0,-1,-1,-1
42,5747,5.33,499.22,25.23,41.54,1.0,-1,-1,-1
42,5730,1968.69,468.20,175.68,78.96,1.0,-1,-1,-1
43,5728,333.19,448.69,100.69,57.14,1.0,-1,-1,-1
43,5732,1995.62,1034.32,192.69,97.40,1.0,-1,-1,-1
43,5737,11.69,485.45,46.98,26.07,1.0,-1,-1,-1
43,5742,161.66,549.81,69.34,37.13,1.0,-1,-1,-1
43,5744,253.58,554.65,60.01,32.78,1.0,-1,-1,-1
43,5745,1542.24,844.64,142.37,70.01,1.0,-1,-1,-1
43,5746,1922.22,447.98,55.97,51.94,1.0,-1,-1,-1
43,5747,8.61,501.63,25.64,41.30,1.0,-1,-1,-1
43,5730,1978.25,469.27,169.00,77.60,1.0,-1,-1,-1
44,5728,331.54,448.87,102.23,57.65,1.0,-1,-1,-1
44,5732,2033.21,1045.16,193.47,97.60,1.0,-1,-1,-1
44,5737,-0.84,484.16,60.26,34.34,1.0,-1,-1,-1
44,5742,168.17,551.85,71.20,38.53,1.0,-1,-1,-1
44,5744,261.57,558.18,59.56,32.36,1.0,-1,-1,-1
44,5745,1572.85,853.23,139.35,68.39,1.0,-1,-1,-1
44,5746,1920.20,447.98,56.83,52.91,1.0,-1,-1,-1
44,5747,9.66,501.58,28.58,44.90,1.0,-1,-1,-1
44,5730,1984.92,469.68,164.93,77.10,1.0,-1,-1,-1
45,5728,330.32,449.59,102.88,57.85,1.0,-1,-1,-1
45,5732,2061.57,1051.67,212.10,107.41,1.0,-1,-1,-1
45,5737,-7.90,481.86,67.88,39.95,1.0,-1,-1,-1
45,5742,177.04,554.52,69.71,37.74,1.0,-1,-1,-1
45,5744,270.18,560.77,59.55,32.18,1.0,-1,-1,-1
45,5745,1599.97,858.27,145.72,71.73,1.0,-1,-1,-1
45,5746,1917.91,448.68,57.65,53.91,1.0,-1,-1,-1
45,5747,12.79,502.23,30.08,45.38,1.0,-1,-1,-1
45,5730,1996.01,470.51,163.70,76.93,1.0,-1,-1,-1
46,5728,327.80,449.21,104.10,58.58,1.0,-1,-1,-1
46,5732,2102.45,1062.89,207.99,105.39,1.0,-1,-1,-1
46,5737,-9.70,479.10,64.02,38.85,1.0,-1,-1,-1
46,5742,184.76,556.80,69.71,38.06,1.0,-1,-1,-1
46,5744,277.79,562.32,61.50,33.44,1.0,-1,-1,-1
46,5745,1629.45,866.53,146.52,72.28,1.0,-1,-1,-1
46,5746,1915.86,448.93,58.45,54.92,1.0,-1,-1,-1
46,5747,17.49,505.15,31.58,45.47,1.0,-1,-1,-1
46,5730,2007.88,468.16,168.65,78.88,1.0,-1,-1,-1
47,5728,325.54,449.07,105.52,59.52,1.0,-1,-1,-1
47,5732,2139.52,1072.90,211.20,107.03,1.0,-1,-1,-1
47,5742,192.55,558.91,69.25,38.16,1.0,-1,-1,-1
47,5744,287.81,564.15,61.17,33.25,1.0,-1,-1,-1
47,5745,1657.16,872.78,149.43,73.76,1.0,-1,-1,-1
47,5746,1914.59,449.02,59.23,55.93,1.0,-1,-1,-1
47,5747,22.05,508.21,32.31,44.09,1.0,-1,-1,-1
47,5730,2015.70,467.94,168.12,78.29,1.0,-1,-1,-1
48,5728,324.70,449.67,105.03,59.22,1.0,-1,-1,-1
48,5732,2178.42,1083.61,213.79,108.25,1.0,-1,-1,-1
48,5742,199.78,561.61,69.82,38.84,1.0,-1,-1,-1
48,5744,296.11,566.74,60.06,32.50,1.0,-1,-1,-1
48,5745,1688.48,881.49,149.69,73.64,1.0,-1,-1,-1
48,5746,1913.32,449.05,59.22,56.28,1.0,-1,-1,-1
48,5747,27.78,511.33,33.74,43.52,1.0,-1,-1,-1
48,5730,2018.92,468.54,162.84,76.74,1.0,-1,-1,-1
48,5749,559.29,573.20,68.42,37.80,1.0,-1,-1,-1
48,5750,1583.99,529.00,131.02,61.00,1.0,-1,-1,-1
49,5728,323.64,449.90,104.66,59.10,1.0,-1,-1,-1
49,5732,2218.00,1093.95,217.52,109.96,1.0,-1,-1,-1
49,5742,207.74,563.87,68.88,38.44,1.0,-1,-1,-1
49,5744,303.67,568.29,62.08,33.54,1.0,-1,-1,-1
49,5745,1719.31,888.55,149.47,73.54,1.0,-1,-1,-1
49,5746,1911.94,449.72,58.48,55.71,1.0,-1,-1,-1
49,5747,33.05,513.07,36.40,44.65,1.0,-1,-1,-1
49,5730,2017.02,470.12,157.22,76.16,1.0,-1,-1,-1
49,5749,547.71,573.05,68.62,37.95,1.0,-1,-1,-1
49,5750,1595.93,526.69,134.11,62.54,1.0,-1,-1,-1
50,5728,321.77,449.32,106.53,60.37,1.0,-1,-1,-1
50,5732,2258.50,1104.13,220.33,111.21,1.0,-1,-1,-1
50,5742,215.29,566.64,69.40,38.92,1.0,-1,-1,-1
50,5744,311.13,570.78,63.57,34.57,1.0,-1,-1,-1
50,5745,1748.97,895.60,155.53,76.76,1.0,-1,-1,-1
50,5746,1910.80,450.63,58.24,55.45,1.0,-1,-1,-1
50,5747,38.80,515.64,38.12,44.38,1.0,-1,-1,-1
50,5730,2022.75,470.71,152.78,75.29,1.0,-1,-1,-1
50,5749,532.79,570.67,71.28,39.55,1.0,-1,-1,-1
50,5750,1611.24,525.91,133.29,62.29,1.0,-1,-1,-1
51,5728,321.70,449.76,105.15,59.54,1.0,-1,-1,-1
51,5732,2302.36,1114.90,224.57,113.58,1.0,-1,-1,-1
51,5742,222.95,568.26,69.29,39.09,1.0,-1,-1,-1
51,5744,320.40,573.61,63.13,34.31,1.0,-1,-1,-1
51,5745,1781.46,903.28,157.85,77.94,1.0,-1,-1,-1
51,5746,1910.35,450.97,58.29,55.33,1.0,-1,-1,-1
51,5747,45.15,517.87,39.39,43.59,1.0,-1,-1,-1
51,5730,2035.42,470.93,151.29,74.31,1.0,-1,-1,-1
51,5749,522.23,567.00,71.85,40.06,1.0,-1,-1,-1
52,5728,321.14,449.27,105.45,59.87,1.0,-1,-1,-1
52,5732,2345.33,1125.24,225.24,113.80,1.0,-1,-1,-1
52,5742,230.58,570.12,69.10,39.14,1.0,-1,-1,-1
52,5744,331.30,576.59,60.13,32.22,1.0,-1,-1,-1
52,5745,1814.41,909.92,162.11,80.31,1.0,-1,-1,-1
52,5746,1908.79,451.08,58.55,55.26,1.0,-1,-1,-1
52,5747,50.27,519.29,42.01,44.61,1.0,-1,-1,-1
52,5730,2047.38,469.67,155.56,75.29,1.0,-1,-1,-1
52,5749,510.05,565.07,69.44,38.77,1.0,-1,-1,-1
52,5750,1643.15,524.02,128.48,60.36,1.0,-1,-1,-1
53,5728,320.93,449.74,105.41,59.99,1.0,-1,-1,-1
53,5732,2389.57,1136.06,227.84,114.47,1.0,-1,-1,-1
53,5742,239.16,572.06,69.58,39.81,1.0,-1,-1,-1
53,5744,341.37,578.96,59.07,31.40,1.0,-1,-1,-1
53,5745,1850.13,918.74,161.14,79.90,1.0,-1,-1,-1
53,5746,1907.12,451.12,59.61,55.88,1.0,-1,-1,-1
53,5747,56.05,521.07,44.14,44.98,1.0,-1,-1,-1
53,5730,2055.82,467.88,157.10,75.01,1.0,-1,-1,-1
53,5749,497.71,562.37,69.47,38.98,1.0,-1,-1,-1
53,5750,1657.26,523.05,125.91,59.22,1.0,-1,-1,-1
54,5728,320.85,449.92,105.26,60.03,1.0,-1,-1,-1
54,5732,2434.12,1145.76,237.97,119.88,1.0,-1,-1,-1
54,5742,247.61,574.69,68.66,39.40,1.0,-1,-1,-1
54,5744,348.43,580.41,62.04,33.12,1.0,-1,-1,-1
54,5745,1884.53,925.17,164.35,81.64,1.0,-1,-1,-1
54,5746,1905.33,451.12,59.78,55.44,1.0,-1,-1,-1
54,5747,62.54,522.99,45.86,45.11,1.0,-1,-1,-1
54,5730,2063.88,467.87,161.05,75.58,1.0,-1,-1,-1
54,5749,487.22,561.50,68.14,38.36,1.0,-1,-1,-1
54,5750,1670.42,522.06,126.22,59.57,1.0,-1,-1,-1
55,5728,319.94,449.33,106.15,60.70,1.0,-1,-1,-1
55,5732,2476.42,1155.66,243.86,123.19,1.0,-1,-1,-1
55,5742,254.91,575.61,68.08,39.22,1.0,-1,-1,-1
55,5744,356.39,582.21,64.46,34.39,1.0,-1,-1,-1
55,5745,1918.92,933.25,166.64,82.92,1.0,-1,-1,-1
55,5746,1903.21,451.77,60.17,55.26,1.0,-1,-1,-1
55,5747,68.03,524.31,48.63,46.46,1.0,-1,-1,-1
55,5749,476.09,559.91,66.19,37.44,1.0,-1,-1,-1
55,5750,1682.92,518.99,124.75,59.03,1.0,-1,-1,-1
56,5728,318.97,449.11,106.34,60.95,1.0,-1,-1,-1
56,5732,2511.34,1167.58,236.81,121.84,1.0,-1,-1,-1
56,5742,264.94,578.52,65.92,37.83,1.0,-1,-1,-1
56,5744,364.39,584.77,66.64,35.52,1.0,-1,-1,-1
56,5745,1955.35,940.04,167.76,83.37,1.0,-1,-1,-1
56,5746,1900.24,452.01,60.81,55.18,1.0,-1,-1,-1
56,5747,74.47,526.05,50.36,46.97,1.0,-1,-1,-1
56,5749,464.91,558.05,64.33,36.41,1.0,-1,-1,-1
56,5750,1695.99,517.92,121.03,57.49,1.0,-1,-1,-1
57,5728,318.18,449.02,105.18,60.38,1.0,-1,-1,-1
57,5732,2539.17,1180.32,232.00,124.49,1.0,-1,-1,-1
57,5742,272.13,580.87,64.93,37.29,1.0,-1,-1,-1
57,5744,365.90,586.99,74.58,39.84,1.0,-1,-1,-1
57,5745,1990.57,948.91,170.45,84.81,1.0,-1,-1,-1
57,5746,1897.28,452.75,61.52,55.13,1.0,-1,-1,-1
57,5747,80.91,528.61,51.17,46.49,1.0,-1,-1,-1
57,5749,455.21,556.77,63.65,36.05,1.0,-1,-1,-1
57,5750,1710.11,516.91,118.24,56.26,1.0,-1,-1,-1
57,5752,746.40,568.00,58.99,26.00,1.0,-1,-1,-1
57,5753,1335.10,433.20,88.79,32.20,1.0,-1,-1,-1
58,5728,317.10,448.99,105.54,60.82,1.0,-1,-1,-1
58,5732,2570.46,1190.73,219.55,124.79,1.0,-1,-1,-1
58,5742,280.43,583.66,64.73,37.09,1.0,-1,-1,-1
58,5744,375.67,589.07,76.02,40.85,1.0,-1,-1,-1
58,5745,2027.15,957.93,171.97,85.32,1.0,-1,-1,-1
58,5746,1894.01,453.02,62.91,55.77,1.0,-1,-1,-1
58,5747,87.39,530.84,52.87,46.94,1.0,-1,-1,-1
58,5749,442.65,555.71,63.39,35.93,1.0,-1,-1,-1
58,5750,1721.40,515.23,119.49,57.22,1.0,-1,-1,-1
58,5752,746.12,568.00,58.95,26.00,1.0,-1,-1,-1
58,5753,1330.29,433.82,88.32,32.04,1.0,-1,-1,-1
59,5728,316.29,448.98,106.44,61.64,1.0,-1,-1,-1
59,5742,285.71,584.62,69.66,40.34,1.0,-1,-1,-1
59,5744,387.29,591.73,74.00,39.95,1.0,-1,-1,-1
59,5745,2063.24,965.71,177.69,88.09,1.0,-1,-1,-1
59,5746,1890.70,453.11,65.08,57.32,1.0,-1,-1,-1
59,5747,93.58,532.92,54.78,47.76,1.0,-1,-1,-1
59,5749,431.01,553.36,62.08,35.22,1.0,-1,-1,-1
59,5750,1733.19,514.66,116.48,56.24,1.0,-1,-1,-1
59,5752,745.23,568.78,58.95,26.00,1.0,-1,-1,-1
59,5753,1325.76,433.24,90.17,32.78,1.0,-1,-1,-1
60,5728,317.08,449.64,104.55,60.63,1.0,-1,-1,-1
60,5742,293.68,586.88,71.47,41.52,1.0,-1,-1,-1
60,5744,400.17,593.33,74.74,40.85,1.0,-1,-1,-1
60,5745,2102.86,975.59,179.35,88.46,1.0,-1,-1,-1
60,5746,1886.63,453.14,65.76,57.25,1.0,-1,-1,-1
60,5747,98.79,533.00,56.59,48.71,1.0,-1,-1,-1
60,5749,420.53,551.21,62.80,35.65,1.0,-1,-1,-1
60,5750,1745.84,513.84,117.25,57.25,1.0,-1,-1,-1
60,5752,742.92,567.52,62.30,27.50,1.0,-1,-1,-1
60,5753,1324.08,433.05,88.57,32.26,1.0,-1,-1,-1
61,5728,318.46,449.89,102.94,59.58,1.0,-1,-1,-1
61,5742,299.33,588.98,73.00,42.63,1.0,-1,-1,-1
61,5744,410.95,593.89,76.35,41.83,1.0,-1,-1,-1
61,5745,2142.52,983.70,182.89,89.86,1.0,-1,-1,-1
61,5746,1883.36,453.13,67.61,58.51,1.0,-1,-1,-1
61,5747,104.62,534.92,58.29,49.71,1.0,-1,-1,-1
61,5749,409.75,549.82,61.68,35.14,1.0,-1,-1,-1
61,5750,1758.36,513.57,113.63,55.63,1.0,-1,-1,-1
61,5752,742.25,567.10,63.25,27.99,1.0,-1,-1,-1
61,5753,1318.83,432.26,89.76,32.80,1.0,-1,-1,-1
62,5728,316.31,448.65,104.32,60.51,1.0,-1,-1,-1
62,5742,305.21,589.73,75.35,44.34,1.0,-1,-1,-1
62,5744,418.99,595.32,75.74,41.54,1.0,-1,-1,-1
62,5745,2182.69,991.76,187.94,92.31,1.0,-1,-1,-1
62,5746,1879.89,451.82,68.33,58.33,1.0,-1,-1,-1
62,5747,111.98,536.89,59.32,50.08,1.0,-1,-1,-1
62,5750,1768.91,512.18,110.84,54.37,1.0,-1,-1,-1
62,5753,1317.00,432.00,91.91,33.69,1.0,-1,-1,-1
63,5728,315.29,448.19,103.93,60.19,1.0,-1,-1,-1
63,5742,312.39,590.60,75.00,44.34,1.0,-1,-1,-1
63,5744,430.80,595.80,68.48,37.49,1.0,-1,-1,-1
63,5745,2224.23,1000.44,189.20,92.57,1.0,-1,-1,-1
63,5746,1877.14,451.30,69.64,58.90,1.0,-1,-1,-1
63,5747,118.26,537.59,60.19,50.20,1.0,-1,-1,-1
63,5750,1783.08,509.01,109.14,53.92,1.0,-1,-1,-1
63,5753,1312.07,431.23,96.00,35.36,1.0,-1,-1,-1
63,5730,2132.92,470.78,130.85,58.65,1.0,-1,-1,-1
63,5749,389.35,543.69,61.35,34.98,1.0,-1,-1,-1
64,5728,314.86,446.70,103.86,60.07,1.0,-1,-1,-1
64,5742,320.65,590.85,75.66,44.96,1.0,-1,-1,-1
64,5745,2265.32,1008.72,194.30,94.57,1.0,-1,-1,-1
64,5746,1873.20,449.80,70.84,59.10,1.0,-1,-1,-1
64,5747,124.96,537.79,61.28,50.89,1.0,-1,-1,-1
64,5750,1794.57,505.88,108.47,53.78,1.0,-1,-1,-1
64,5730,2134.86,467.16,144.37,63.19,1.0,-1,-1,-1
64,5749,378.45,540.49,59.11,33.64,1.0,-1,-1,-1
65,5728,316.50,446.14,100.87,58.04,1.0,-1,-1,-1
65,5742,330.74,592.84,71.97,42.59,1.0,-1,-1,-1
65,5745,2309.66,1016.18,198.34,96.59,1.0,-1,-1,-1
65,5746,1865.20,448.57,73.96,59.82,1.0,-1,-1,-1
65,5747,130.77,539.11,61.91,51.13,1.0,-1,-1,-1
65,5750,1803.78,504.11,107.43,53.75,1.0,-1,-1,-1
65,5730,2138.72,466.28,144.20,61.54,1.0,-1,-1,-1
65,5749,366.97,536.72,61.34,35.19,1.0,-1,-1,-1
66,5728,314.50,445.27,103.63,59.95,1.0,-1,-1,-1
66,5742,338.47,593.52,73.40,43.62,1.0,-1,-1,-1
66,5745,2351.89,1025.92,208.06,101.21,1.0,-1,-1,-1
66,5746,1861.89,448.10,75.19,59.42,1.0,-1,-1,-1
66,5747,136.86,540.22,63.75,52.51,1.0,-1,-1,-1
66,5749,356.02,532.78,63.03,36.40,1.0,-1,-1,-1
66,5754,69.21,409.20,87.98,45.00,1.0,-1,-1,-1
67,5728,315.68,445.62,100.83,58.02,1.0,-1,-1,-1
67,5742,348.42,595.05,72.43,42.69,1.0,-1,-1,-1
67,5745,2400.10,1037.80,210.00,101.68,1.0,-1,-1,-1
67,5746,1854.12,447.94,80.99,62.55,1.0,-1,-1,-1
67,5747,144.06,543.19,63.38,51.73,1.0,-1,-1,-1
67,5749,344.72,531.36,61.70,35.55,1.0,-1,-1,-1
67,5754,69.41,409.82,86.49,44.23,1.0,-1,-1,-1
67,5750,1824.11,498.58,115.78,58.56,1.0,-1,-1,-1
68,5728,314.25,445.11,102.18,58.61,1.0,-1,-1,-1
68,5742,350.97,595.56,75.22,44.29,1.0,-1,-1,-1
68,5745,2448.69,1051.23,212.55,102.43,1.0,-1,-1,-1
68,5746,1851.88,448.53,83.87,64.35,1.0,-1,-1,-1
68,5747,149.72,545.59,63.50,51.39,1.0,-1,-1,-1
68,5749,334.33,530.95,61.04,35.21,1.0,-1,-1,-1
69,5728,314.43,445.59,100.61,57.51,1.0,-1,-1,-1
69,5742,358.99,597.01,72.82,42.28,1.0,-1,-1,-1
69,5745,2498.58,1062.61,214.70,103.32,1.0,-1,-1,-1
69,5747,154.99,547.10,64.68,51.91,1.0,-1,-1,-1
69,5749,324.13,529.56,61.65,35.75,1.0,-1,-1,-1
69,5730,2156.10,465.75,149.53,62.78,1.0,-1,-1,-1
70,5728,312.70,446.46,100.30,57.10,1.0,-1,-1,-1
70,5742,367.34,600.17,67.92,39.46,1.0,-1,-1,-1
70,5745,2533.96,1076.43,214.13,105.56,1.0,-1,-1,-1
70,5747,160.76,549.58,65.02,52.09,1.0,-1,-1,-1
70,5749,313.06,528.45,60.63,35.29,1.0,-1,-1,-1
70,5730,2164.02,467.13,149.35,60.95,1.0,-1,-1,-1
71,5728,310.69,446.78,101.60,57.62,1.0,-1,-1,-1
71,5742,373.91,601.95,61.77,36.36,1.0,-1,-1,-1
71,5745,2557.92,1089.22,225.54,117.37,1.0,-1,-1,-1
71,5747,165.27,551.78,66.60,53.46,1.0,-1,-1,-1
71,5749,303.61,528.12,59.73,35.11,1.0,-1,-1,-1
71,5730,2161.74,466.27,149.68,61.65,1.0,-1,-1,-1
71,5750,1869.15,502.49,104.53,53.73,1.0,-1,-1,-1
71,5746,1821.72,453.13,82.47,59.16,1.0,-1,-1,-1
72,5728,307.57,447.57,102.22,57.82,1.0,-1,-1,-1
72,5745,2588.97,1099.65,223.11,125.59,1.0,-1,-1,-1
72,5747,171.61,555.16,66.02,52.67,1.0,-1,-1,-1
72,5749,293.15,526.75,59.47,35.04,1.0,-1,-1,-1
72,5730,2170.34,465.96,156.47,64.55,1.0,-1,-1,-1
72,5750,1877.78,501.92,105.09,55.21,1.0,-1,-1,-1
72,5746,1820.46,453.92,85.76,60.30,1.0,-1,-1,-1
73,5728,305.97,447.87,102.69,57.90,1.0,-1,-1,-1
73,5747,176.91,557.70,66.77,53.00,1.0,-1,-1,-1
73,5749,280.22,526.31,58.33,34.35,1.0,-1,-1,-1
73,5730,2175.34,467.16,154.52,64.33,1.0,-1,-1,-1
73,5750,1886.91,500.40,103.56,54.98,1.0,-1,-1,-1
73,5746,1822.82,453.51,91.04,62.64,1.0,-1,-1,-1
74,5728,305.02,447.98,102.96,57.94,1.0,-1,-1,-1
74,5747,181.55,560.57,67.92,53.77,1.0,-1,-1,-1
74,5749,267.89,524.89,59.07,34.76,1.0,-1,-1,-1
74,5730,2186.75,468.96,155.31,64.23,1.0,-1,-1,-1
74,5750,1897.38,499.86,102.67,55.57,1.0,-1,-1,-1
74,5746,1826.76,452.69,92.90,64.16,1.0,-1,-1,-1
75,5728,302.65,448.02,103.17,57.95,1.0,-1,-1,-1
75,5747,185.51,562.89,69.44,54.70,1.0,-1,-1,-1
75,5749,258.38,524.41,58.04,34.25,1.0,-1,-1,-1
75,5730,2188.83,467.68,160.98,66.81,1.0,-1,-1,-1
75,5750,1910.80,501.01,98.46,53.81,1.0,-1,-1,-1
75,5746,1825.90,452.36,92.74,64.10,1.0,-1,-1,-1
75,5752,731.68,566.01,59.80,26.03,1.0,-1,-1,-1
76,5728,300.70,448.69,103.45,57.96,1.0,-1,-1,-1
76,5747,190.44,565.67,69.28,54.39,1.0,-1,-1,-1
76,5730,2195.69,467.84,161.01,66.47,1.0,-1,-1,-1
76,5750,1921.04,500.82,96.94,53.15,1.0,-1,-1,-1
76,5746,1824.40,452.22,94.55,65.38,1.0,-1,-1,-1
76,5752,728.13,567.42,61.30,26.68,1.0,-1,-1,-1
77,5728,298.61,449.60,103.70,57.97,1.0,-1,-1,-1
77,5747,195.59,569.93,68.80,53.60,1.0,-1,-1,-1
77,5750,1929.78,499.43,99.71,55.60,1.0,-1,-1,-1
77,5746,1823.54,453.46,95.30,65.86,1.0,-1,-1,-1
77,5752,724.92,569.17,61.99,26.87,1.0,-1,-1,-1
77,5749,235.75,521.87,57.82,34.04,1.0,-1,-1,-1
78,5728,296.60,449.94,103.00,57.31,1.0,-1,-1,-1
78,5747,199.11,571.46,70.95,55.27,1.0,-1,-1,-1
78,5750,1939.30,498.93,100.09,56.50,1.0,-1,-1,-1
78,5746,1821.31,454.59,95.60,66.04,1.0,-1,-1,-1
78,5752,723.83,569.16,62.12,26.94,1.0,-1,-1,-1
78,5749,225.85,518.77,55.33,32.65,1.0,-1,-1,-1
79,5728,293.79,450.06,104.95,58.39,1.0,-1,-1,-1
79,5747,203.92,574.58,71.65,55.88,1.0,-1,-1,-1
79,5750,1950.11,498.11,98.22,56.19,1.0,-1,-1,-1
79,5746,1818.86,455.66,95.12,65.44,1.0,-1,-1,-1
79,5752,724.58,570.47,59.29,25.64,1.0,-1,-1,-1
79,5749,215.56,517.71,55.14,32.83,1.0,-1,-1,-1
80,5728,289.09,449.44,106.49,59.45,1.0,-1,-1,-1
80,5747,207.82,577.65,71.95,56.10,1.0,-1,-1,-1
80,5750,1959.50,497.16,97.32,56.07,1.0,-1,-1,-1
80,5746,1813.42,456.05,96.85,66.52,1.0,-1,-1,-1
80,5752,719.49,568.24,62.99,27.18,1.0,-1,-1,-1
80,5749,202.28,516.04,56.17,33.57,1.0,-1,-1,-1
81,5728,284.77,447.89,105.69,59.20,1.0,-1,-1,-1
81,5747,208.97,580.04,74.31,58.14,1.0,-1,-1,-1
81,5750,1967.98,498.15,94.28,54.70,1.0,-1,-1,-1
81,5746,1807.03,458.15,97.15,66.27,1.0,-1,-1,-1
81,5749,187.85,515.47,54.47,32.53,1.0,-1,-1,-1
82,5728,276.46,447.94,106.96,59.76,1.0,-1,-1,-1
82,5747,206.75,583.48,75.05,58.89,1.0,-1,-1,-1
82,5750,1972.63,499.22,91.31,53.52,1.0,-1,-1,-1
82,5746,1796.92,460.25,96.98,65.50,1.0,-1,-1,-1
82,5749,168.74,514.66,54.71,32.80,1.0,-1,-1,-1
82,5752,703.44,568.08,70.53,30.94,1.0,-1,-1,-1
83,5728,260.44,449.28,108.39,60.62,1.0,-1,-1,-1
83,5747,198.51,587.97,75.38,59.17,1.0,-1,-1,-1
83,5750,1968.54,497.63,91.70,53.75,1.0,-1,-1,-1
83,5746,1782.14,460.35,98.51,65.86,1.0,-1,-1,-1
83,5749,145.67,514.41,54.48,32.90,1.0,-1,-1,-1
83,5730,2212.63,467.09,167.70,69.82,1.0,-1,-1,-1
84,5728,237.00,451.75,109.15,60.94,1.0,-1,-1,-1
84,5747,182.19,592.21,78.60,61.86,1.0,-1,-1,-1
84,5750,1961.79,499.71,87.21,51.19,1.0,-1,-1,-1
84,5746,1760.66,460.37,99.60,66.00,1.0,-1,-1,-1
84,5749,111.09,514.37,55.53,33.60,1.0,-1,-1,-1
84,5752,668.79,572.68,72.88,32.61,1.0,-1,-1,-1
85,5728,207.35,454.66,114.38,64.34,1.0,-1,-1,-1
85,5747,162.30,599.55,79.47,62.22,1.0,-1,-1,-1
85,5750,1947.03,499.85,91.42,54.29,1.0,-1,-1,-1
85,5746,1734.35,464.30,103.78,68.02,1.0,-1,-1,-1
85,5749,73.74,517.02,55.02,33.21,1.0,-1,-1,-1
85,5752,646.11,577.07,70.32,31.59,1.0,-1,-1,-1
86,5728,181.34,459.61,112.23,63.03,1.0,-1,-1,-1
86,5747,141.78,610.11,79.69,62.33,1.0,-1,-1,-1
86,5746,1707.12,468.37,105.86,68.77,1.0,-1,-1,-1
86,5749,35.03,521.41,56.69,34.39,1.0,-1,-1,-1
87,5728,151.25,461.54,113.60,63.80,1.0,-1,-1,-1
87,5747,121.15,617.32,80.49,63.00,1.0,-1,-1,-1
87,5746,1681.95,469.24,107.22,69.05,1.0,-1,-1,-1
87,5749,1.28,522.39,55.90,34.82,1.0,-1,-1,-1
87,5752,600.62,586.77,71.76,32.69,1.0,-1,-1,-1
88,5728,126.29,465.51,113.29,63.42,1.0,-1,-1,-1
88,5747,103.71,622.54,81.22,63.23,1.0,-1,-1,-1
88,5746,1659.86,470.18,109.85,69.80,1.0,-1,-1,-1
88,5752,575.12,589.49,74.44,34.26,1.0,-1,-1,-1
89,5728,105.91,465.66,117.36,65.89,1.0,-1,-1,-1
89,5747,95.07,627.65,80.46,61.99,1.0,-1,-1,-1
89,5746,1639.59,471.15,112.49,71.38,1.0,-1,-1,-1
89,5752,558.98,591.75,75.84,35.47,1.0,-1,-1,-1
90,5728,99.39,467.64,116.61,65.51,1.0,-1,-1,-1
90,5747,98.28,632.71,78.18,59.50,1.0,-1,-1,-1
90,5746,1630.65,471.48,114.81,71.97,1.0,-1,-1,-1
90,5752,553.15,593.21,74.27,35.29,1.0,-1,-1,-1
91,5728,96.73,468.35,115.23,64.68,1.0,-1,-1,-1
91,5747,106.78,637.09,74.69,55.87,1.0,-1,-1,-1
91,5746,1624.26,472.21,115.42,71.52,1.0,-1,-1,-1
91,5752,549.86,593.06,75.39,36.50,1.0,-1,-1,-1
92,5728,94.95,467.24,116.65,65.66,1.0,-1,-1,-1
92,5747,114.85,639.85,72.94,53.83,1.0,-1,-1,-1
92,5746,1617.87,473.10,114.72,70.67,1.0,-1,-1,-1
92,5752,550.46,592.95,73.91,36.31,1.0,-1,-1,-1
92,5750,1930.29,505.60,81.81,47.40,1.0,-1,-1,-1
93,5728,93.10,466.79,118.26,66.67,1.0,-1,-1,-1
93,5747,123.25,641.34,73.12,53.10,1.0,-1,-1,-1
93,5746,1612.29,473.40,115.79,70.99,1.0,-1,-1,-1
94,5728,91.32,465.93,119.83,67.70,1.0,-1,-1,-1
94,5747,134.09,643.08,68.53,48.81,1.0,-1,-1,-1
94,5746,1605.66,472.82,118.77,72.42,1.0,-1,-1,-1
94,5752,547.33,592.93,73.32,36.14,1.0,-1,-1,-1
95,5728,91.50,466.88,118.11,66.77,1.0,-1,-1,-1
95,5747,149.33,647.62,59.18,40.30,1.0,-1,-1,-1
95,5746,1598.45,474.53,118.22,71.64,1.0,-1,-1,-1
95,5752,547.25,593.41,73.09,36.03,1.0,-1,-1,-1
96,5728,90.36,465.89,119.36,67.71,1.0,-1,-1,-1
96,5747,161.23,651.85,52.52,33.65,1.0,-1,-1,-1
96,5746,1590.79,474.49,120.78,72.64,1.0,-1,-1,-1
96,5752,546.77,592.90,72.80,35.99,1.0,-1,-1,-1
97,5728,91.44,468.12,114.68,64.78,1.0,-1,-1,-1
97,5747,171.23,655.93,55.76,33.99,1.0,-1,-1,-1
97,5746,1585.27,474.45,123.70,73.66,1.0,-1,-1,-1
97,5752,548.28,593.99,69.12,34.00,1.0,-1,-1,-1
98,5728,89.51,467.61,116.38,65.62,1.0,-1,-1,-1
98,5747,179.21,659.24,57.09,33.36,1.0,-1,-1,-1
98,5746,1578.51,474.40,126.94,75.34,1.0,-1,-1,-1
98,5752,548.18,593.67,69.14,33.92,1.0,-1,-1,-1
99,5728,87.94,466.75,117.73,66.58,1.0,-1,-1,-1
99,5746,1572.12,475.02,128.57,75.97,1.0,-1,-1,-1
99,5752,546.89,592.86,71.28,35.23,1.0,-1,-1,-1
100,5728,86.75,466.41,117.23,66.29,1.0,-1,-1,-1
100,5746,1573.93,474.57,131.10,75.54,1.0,-1,-1,-1
100,5752,545.92,591.89,71.98,35.71,1.0,-1,-1,-1
101,5728,85.24,465.60,118.94,67.48,1.0,-1,-1,-1
101,5746,1572.63,473.72,134.77,75.35,1.0,-1,-1,-1
101,5752,546.65,592.80,69.76,34.59,1.0,-1,-1,-1
102,5728,83.86,463.97,121.53,69.24,1.0,-1,-1,-1
102,5746,1561.17,474.04,138.89,76.57,1.0,-1,-1,-1
102,5752,542.93,593.12,72.68,36.16,1.0,-1,-1,-1
103,5728,84.33,464.65,120.17,68.59,1.0,-1,-1,-1
103,5746,1558.20,474.14,143.36,77.02,1.0,-1,-1,-1
103,5752,539.74,593.23,74.91,37.38,1.0,-1,-1,-1
104,5728,83.34,464.91,120.38,68.98,1.0,-1,-1,-1
104,5746,1552.91,475.48,147.33,77.18,1.0,-1,-1,-1
104,5752,537.12,593.90,76.84,38.50,1.0,-1,-1,-1
105,5728,83.83,465.66,118.33,67.80,1.0,-1,-1,-1
105,5746,1549.06,475.32,153.62,77.87,1.0,-1,-1,-1
105,5752,536.12,594.15,76.51,38.28,1.0,-1,-1,-1
106,5728,83.02,465.95,118.51,67.99,1.0,-1,-1,-1
106,5752,533.43,593.56,78.65,39.49,1.0,-1,-1,-1
107,5728,82.44,467.36,116.72,66.74,1.0,-1,-1,-1
107,5752,532.48,593.98,78.19,39.29,1.0,-1,-1,-1
107,5746,1515.33,479.17,148.40,75.75,1.0,-1,-1,-1
108,5728,80.88,466.57,118.30,67.59,1.0,-1,-1,-1
108,5752,532.54,594.13,76.74,38.54,1.0,-1,-1,-1
108,5755,936.80,439.60,112.61,49.60,1.0,-1,-1,-1
108,5746,1523.09,477.98,155.89,76.52,1.0,-1,-1,-1
109,5728,79.90,466.92,117.86,67.24,1.0,-1,-1,-1
109,5752,531.28,594.16,78.34,39.57,1.0,-1,-1,-1
109,5755,931.48,439.91,113.17,49.91,1.0,-1,-1,-1
109,5746,1502.36,480.87,151.74,75.46,1.0,-1,-1,-1
110,5728,79.10,465.72,118.76,67.77,1.0,-1,-1,-1
110,5752,532.09,594.82,76.48,38.64,1.0,-1,-1,-1
110,5755,928.75,441.55,109.77,48.47,1.0,-1,-1,-1
110,5746,1490.63,481.93,149.18,75.07,1.0,-1,-1,-1
111,5728,78.23,465.27,119.09,67.96,1.0,-1,-1,-1
111,5752,533.20,595.06,74.40,37.60,1.0,-1,-1,-1
111,5755,927.23,441.31,98.21,43.45,1.0,-1,-1,-1
111,5746,1479.95,482.29,148.81,74.93,1.0,-1,-1,-1
112,5728,76.71,464.43,121.08,69.35,1.0,-1,-1,-1
112,5752,532.95,595.80,72.47,36.54,1.0,-1,-1,-1
112,5755,922.17,440.40,92.73,41.14,1.0,-1,-1,-1
112,5746,1471.46,484.38,147.65,74.89,1.0,-1,-1,-1
113,5728,75.67,464.12,121.58,69.87,1.0,-1,-1,-1
113,5752,528.79,595.39,76.69,38.82,1.0,-1,-1,-1
113,5755,917.24,440.86,89.41,39.78,1.0,-1,-1,-1
113,5746,1468.25,485.13,142.62,72.24,1.0,-1,-1,-1
114,5728,75.08,464.00,121.64,70.05,1.0,-1,-1,-1
114,5752,527.39,595.24,78.04,39.65,1.0,-1,-1,-1
114,5755,915.62,441.01,85.29,37.99,1.0,-1,-1,-1
114,5746,1458.23,484.69,147.76,75.27,1.0,-1,-1,-1
115,5728,74.25,463.96,121.70,70.12,1.0,-1,-1,-1
115,5752,526.93,594.52,79.21,40.61,1.0,-1,-1,-1
115,5755,909.54,440.32,90.56,40.37,1.0,-1,-1,-1
115,5746,1448.96,483.87,147.43,75.06,1.0,-1,-1,-1
116,5728,74.88,463.95,120.60,69.47,1.0,-1,-1,-1
116,5752,529.06,594.88,73.86,37.73,1.0,-1,-1,-1
116,5746,1439.63,484.17,148.99,76.31,1.0,-1,-1,-1
117,5728,74.50,463.95,120.88,69.88,1.0,-1,-1,-1
117,5752,530.24,594.34,70.59,35.89,1.0,-1,-1,-1
117,5746,1432.19,485.58,146.82,75.47,1.0,-1,-1,-1
118,5728,68.58,463.30,122.10,70.68,1.0,-1,-1,-1
118,5752,525.46,594.14,75.88,38.60,1.0,-1,-1,-1
118,5746,1424.12,486.75,147.93,76.46,1.0,-1,-1,-1
118,5755,896.19,440.78,83.35,37.31,1.0,-1,-1,-1
119,5728,60.36,463.05,121.48,70.32,1.0,-1,-1,-1
119,5752,514.53,594.72,76.80,38.91,1.0,-1,-1,-1
119,5746,1410.33,487.83,149.36,77.50,1.0,-1,-1,-1
119,5755,889.36,440.85,79.99,36.30,1.0,-1,-1,-1
120,5728,42.71,464.28,119.39,68.85,1.0,-1,-1,-1
120,5752,499.33,595.60,76.11,38.37,1.0,-1,-1,-1
120,5746,1389.12,488.21,149.00,77.23,1.0,-1,-1,-1
121,5728,17.10,466.75,120.07,68.95,1.0,-1,-1,-1
121,5752,479.41,596.59,75.10,37.49,1.0,-1,-1,-1
121,5746,1362.94,490.30,151.44,79.10,1.0,-1,-1,-1
122,5728,-0.51,466.35,118.31,68.99,1.0,-1,-1,-1
122,5752,456.18,596.29,77.18,38.49,1.0,-1,-1,-1
122,5746,1335.82,490.41,152.28,79.79,1.0,-1,-1,-1
123,5728,-12.86,464.20,121.65,72.97,1.0,-1,-1,-1
123,5752,442.99,596.83,75.75,37.54,1.0,-1,-1,-1
123,5746,1314.29,490.42,156.11,82.01,1.0,-1,-1,-1
124,5728,-18.08,462.11,122.49,75.74,1.0,-1,-1,-1
124,5752,434.65,597.03,76.48,37.84,1.0,-1,-1,-1
124,5746,1300.61,492.35,153.76,80.90,1.0,-1,-1,-1
125,5728,-18.15,463.23,118.83,75.51,1.0,-1,-1,-1
125,5752,433.19,597.75,74.63,36.63,1.0,-1,-1,-1
125,5746,1288.38,493.72,154.83,81.75,1.0,-1,-1,-1
126,5728,-16.89,464.34,113.60,74.08,1.0,-1,-1,-1
126,5752,432.42,598.69,75.21,36.84,1.0,-1,-1,-1
126,5746,1278.56,492.90,158.67,84.03,1.0,-1,-1,-1
126,5756,1263.58,911.60,139.24,68.60,1.0,-1,-1,-1
127,5728,-16.33,464.77,110.72,74.17,1.0,-1,-1,-1
127,5752,431.29,599.68,72.91,35.59,1.0,-1,-1,-1
127,5756,1289.49,921.85,141.43,69.67,1.0,-1,-1,-1
128,5728,-14.43,466.25,106.04,72.87,1.0,-1,-1,-1
128,5752,432.20,600.71,72.07,35.12,1.0,-1,-1,-1
128,5756,1321.03,929.20,146.79,72.34,1.0,-1,-1,-1
128,5746,1259.03,495.69,161.16,85.69,1.0,-1,-1,-1
129,5728,-11.99,468.13,101.35,71.04,1.0,-1,-1,-1
129,5752,431.84,602.42,71.57,34.96,1.0,-1,-1,-1
129,5756,1352.27,940.10,144.57,70.99,1.0,-1,-1,-1
129,5746,1251.38,496.94,162.10,86.60,1.0,-1,-1,-1
130,5728,-10.23,468.83,98.36,70.34,1.0,-1,-1,-1
130,5752,431.87,603.02,70.13,34.24,1.0,-1,-1,-1
130,5756,1383.29,947.09,146.79,71.87,1.0,-1,-1,-1
130,5746,1242.02,497.37,163.56,87.58,1.0,-1,-1,-1
131,5728,-8.88,469.08,96.20,70.08,1.0,-1,-1,-1
131,5752,430.89,603.22,72.01,35.32,1.0,-1,-1,-1
131,5756,1414.79,954.08,150.62,73.55,1.0,-1,-1,-1
131,5746,1234.14,499.46,163.08,87.29,1.0,-1,-1,-1
132,5728,-7.63,469.16,93.56,69.32,1.0,-1,-1,-1
132,5752,431.96,603.28,71.35,35.07,1.0,-1,-1,-1
132,5756,1447.16,961.07,153.45,74.80,1.0,-1,-1,-1
132,5746,1225.54,500.87,161.86,86.51,1.0,-1,-1,-1
133,5728,-6.98,469.17,91.83,69.04,1.0,-1,-1,-1
133,5752,433.24,602.61,71.05,34.97,1.0,-1,-1,-1
133,5756,1481.01,969.40,157.54,76.58,1.0,-1,-1,-1
133,5746,1215.91,501.36,162.45,86.87,1.0,-1,-1,-1
134,5728,-7.98,467.83,92.59,70.94,1.0,-1,-1,-1
134,5752,432.25,602.34,70.79,34.94,1.0,-1,-1,-1
134,5756,1513.09,973.58,166.58,81.19,1.0,-1,-1,-1
134,5746,1207.89,501.51,163.02,87.00,1.0,-1,-1,-1
135,5728,-7.13,467.33,91.26,70.99,1.0,-1,-1,-1
135,5752,431.66,602.22,70.69,34.94,1.0,-1,-1,-1
135,5756,1550.21,982.10,167.70,81.60,1.0,-1,-1,-1
135,5746,1199.25,502.18,163.40,87.05,1.0,-1,-1,-1
136,5728,-6.98,467.13,90.66,71.67,1.0,-1,-1,-1
136,5752,430.89,601.50,70.62,34.94,1.0,-1,-1,-1
136,5756,1586.49,990.37,170.37,83.00,1.0,-1,-1,-1
136,5746,1189.39,503.05,162.34,86.40,1.0,-1,-1,-1
137,5728,-6.84,467.71,87.82,70.61,1.0,-1,-1,-1
137,5752,430.90,601.89,68.17,33.62,1.0,-1,-1,-1
137,5756,1621.50,1001.12,170.00,82.83,1.0,-1,-1,-1
137,5746,1178.04,503.35,163.45,86.81,1.0,-1,-1,-1
138,5728,-8.23,468.59,84.48,69.54,1.0,-1,-1,-1
138,5752,422.78,600.68,71.63,35.14,1.0,-1,-1,-1
138,5756,1653.68,1008.25,172.48,84.02,1.0,-1,-1,-1
138,5746,1163.68,504.74,164.34,86.96,1.0,-1,-1,-1
139,5728,-10.23,469.59,81.72,69.14,1.0,-1,-1,-1
139,5752,418.39,600.24,71.29,35.04,1.0,-1,-1,-1
139,5756,1686.77,1015.93,174.63,85.08,1.0,-1,-1,-1
139,5746,1146.27,505.24,166.33,87.68,1.0,-1,-1,-1
140,5728,-13.84,468.62,79.91,70.32,1.0,-1,-1,-1
140,5752,408.63,601.39,73.00,35.66,1.0,-1,-1,-1
140,5756,1719.94,1023.17,177.83,86.75,1.0,-1,-1,-1
141,5728,-17.52,466.28,79.47,73.40,1.0,-1,-1,-1
141,5752,402.79,601.83,72.27,35.24,1.0,-1,-1,-1
141,5756,1752.71,1029.59,182.93,89.30,1.0,-1,-1,-1
141,5746,1112.16,507.80,168.58,88.74,1.0,-1,-1,-1
142,5728,-18.93,468.64,72.34,70.66,1.0,-1,-1,-1
142,5752,394.90,601.33,73.02,35.74,1.0,-1,-1,-1
142,5756,1786.20,1035.71,188.26,92.18,1.0,-1,-1,-1
142,5746,1096.20,508.95,169.57,88.95,1.0,-1,-1,-1
143,5728,-19.42,470.25,65.71,68.22,1.0,-1,-1,-1
143,5752,388.48,601.79,73.26,35.92,1.0,-1,-1,-1
143,5756,1823.49,1045.57,187.92,91.97,1.0,-1,-1,-1
143,5746,1078.37,509.34,174.15,91.00,1.0,-1,-1,-1
144,5752,379.47,602.62,73.64,35.99,1.0,-1,-1,-1
144,5756,1860.70,1053.04,190.54,93.12,1.0,-1,-1,-1
144,5746,1060.15,508.81,177.46,92.41,1.0,-1,-1,-1
145,5752,368.31,601.62,77.75,37.99,1.0,-1,-1,-1
145,5756,1899.80,1062.80,190.95,93.51,1.0,-1,-1,-1
145,5746,1041.60,508.57,181.24,94.25,1.0,-1,-1,-1
146,5752,365.85,601.89,74.13,36.16,1.0,-1,-1,-1
146,5756,1938.68,1070.84,193.73,94.92,1.0,-1,-1,-1
146,5746,1026.58,510.40,180.57,93.64,1.0,-1,-1,-1
147,5752,364.84,602.66,71.44,34.73,1.0,-1,-1,-1
147,5756,1982.48,1080.82,196.45,96.06,1.0,-1,-1,-1
147,5746,1012.49,512.40,182.97,94.69,1.0,-1,-1,-1
148,5752,364.64,602.27,70.55,34.21,1.0,-1,-1,-1
148,5756,2026.97,1090.24,202.16,99.06,1.0,-1,-1,-1
148,5746,999.83,512.47,187.66,97.03,1.0,-1,-1,-1
148,5757,2609.62,995.40,99.56,75.00,1.0,-1,-1,-1
148,5758,1120.36,927.00,155.87,87.60,1.0,-1,-1,-1
149,5752,363.41,602.12,71.52,34.69,1.0,-1,-1,-1
149,5756,2074.08,1098.78,208.00,102.11,1.0,-1,-1,-1
149,5746,985.64,512.46,194.08,100.51,1.0,-1,-1,-1
149,5757,2591.74,993.58,99.88,74.24,1.0,-1,-1,-1
149,5758,1143.12,932.36,160.47,90.21,1.0,-1,-1,-1
150,5752,363.46,602.06,71.78,34.87,1.0,-1,-1,-1
150,5756,2124.27,1110.85,207.81,101.96,1.0,-1,-1,-1
150,5757,2555.61,989.07,101.58,73.98,1.0,-1,-1,-1
150,5758,1173.35,939.54,160.66,90.33,1.0,-1,-1,-1
151,5752,361.95,602.04,73.28,35.60,1.0,-1,-1,-1
151,5756,2173.74,1123.05,211.91,103.78,1.0,-1,-1,-1
151,5757,2514.56,983.22,105.71,75.41,1.0,-1,-1,-1
151,5758,1204.69,946.93,157.88,88.80,1.0,-1,-1,-1
151,5746,963.61,516.42,199.51,103.42,1.0,-1,-1,-1
152,5752,361.01,602.68,74.81,36.53,1.0,-1,-1,-1
152,5756,2225.47,1135.23,211.52,103.14,1.0,-1,-1,-1
152,5757,2474.19,978.54,108.18,75.18,1.0,-1,-1,-1
152,5758,1233.55,953.48,160.69,90.43,1.0,-1,-1,-1
152,5759,934.40,921.00,184.60,113.20,1.0,-1,-1,-1
152,5746,951.93,517.96,198.71,103.20,1.0,-1,-1,-1
153,5752,360.19,602.93,76.51,37.54,1.0,-1,-1,-1
153,5756,2279.99,1148.08,212.29,102.83,1.0,-1,-1,-1
153,5757,2434.30,972.86,109.02,73.68,1.0,-1,-1,-1
153,5758,1259.66,959.00,168.53,95.16,1.0,-1,-1,-1
153,5759,954.62,921.75,197.42,121.35,1.0,-1,-1,-1
153,5746,943.44,521.11,196.90,101.80,1.0,-1,-1,-1
154,5752,361.87,604.32,73.38,35.97,1.0,-1,-1,-1
154,5756,2334.94,1159.85,221.79,107.25,1.0,-1,-1,-1
154,5757,2394.30,968.24,112.33,73.84,1.0,-1,-1,-1
154,5758,1288.73,966.87,168.74,95.49,1.0,-1,-1,-1
154,5759,985.70,928.70,200.25,123.51,1.0,-1,-1,-1
154,5746,929.75,520.27,200.97,103.91,1.0,-1,-1,-1
155,5752,362.10,604.19,73.31,36.00,1.0,-1,-1,-1
155,5756,2386.29,1169.88,227.32,109.53,1.0,-1,-1,-1
155,5757,2357.93,966.08,108.91,69.11,1.0,-1,-1,-1
155,5758,1317.17,970.23,175.12,99.59,1.0,-1,-1,-1
155,5759,1017.85,935.48,203.50,126.17,1.0,-1,-1,-1
155,5746,918.16,521.22,202.38,104.70,1.0,-1,-1,-1
156,5752,362.28,604.80,73.21,36.02,1.0,-1,-1,-1
156,5756,2440.86,1182.49,234.07,112.31,1.0,-1,-1,-1
156,5757,2318.78,962.78,111.69,68.76,1.0,-1,-1,-1
156,5758,1348.57,978.56,175.74,100.41,1.0,-1,-1,-1
156,5759,1047.66,942.62,206.83,129.04,1.0,-1,-1,-1
156,5746,907.07,522.19,204.04,104.99,1.0,-1,-1,-1
157,5752,361.40,605.02,75.88,37.34,1.0,-1,-1,-1
157,5756,2491.58,1194.80,234.55,113.34,1.0,-1,-1,-1
157,5757,2282.16,957.64,115.65,69.35,1.0,-1,-1,-1
157,5758,1378.48,984.82,180.88,103.95,1.0,-1,-1,-1
157,5759,1079.83,947.75,210.99,132.69,1.0,-1,-1,-1
157,5746,891.96,521.20,210.93,108.37,1.0,-1,-1,-1
158,5752,360.48,605.09,76.86,37.83,1.0,-1,-1,-1
158,5756,2529.84,1205.04,232.40,116.27,1.0,-1,-1,-1
158,5757,2247.91,953.90,117.01,68.25,1.0,-1,-1,-1
158,5758,1413.77,994.83,176.22,101.33,1.0,-1,-1,-1
158,5759,1113.30,956.17,210.27,133.24,1.0,-1,-1,-1
158,5746,880.35,523.39,211.04,108.34,1.0,-1,-1,-1
159,5752,360.09,604.46,78.07,38.67,1.0,-1,-1,-1
159,5756,2570.84,1215.13,214.89,113.48,1.0,-1,-1,-1
159,5757,2213.30,949.31,117.85,67.19,1.0,-1,-1,-1
159,5758,1446.26,1001.08,181.76,104.85,1.0,-1,-1,-1
159,5759,1149.86,965.17,209.87,133.96,1.0,-1,-1,-1
159,5746,869.00,526.16,208.76,106.99,1.0,-1,-1,-1
160,5752,361.81,604.86,76.83,38.33,1.0,-1,-1,-1
160,5757,2176.78,943.06,120.68,67.50,1.0,-1,-1,-1
160,5758,1485.37,1013.03,174.65,100.27,1.0,-1,-1,-1
160,5759,1184.43,973.66,210.38,135.45,1.0,-1,-1,-1
160,5746,856.22,526.51,215.86,110.41,1.0,-1,-1,-1
161,5752,362.78,605.01,76.53,38.19,1.0,-1,-1,-1
161,5757,2140.96,937.58,126.19,69.66,1.0,-1,-1,-1
161,5758,1520.07,1020.01,180.40,103.71,1.0,-1,-1,-1
161,5759,1219.18,979.94,213.18,138.57,1.0,-1,-1,-1
161,5746,845.71,529.86,213.63,109.07,1.0,-1,-1,-1
161,5760,508.15,452.20,111.70,53.80,1.0,-1,-1,-1
162,5752,363.85,605.06,76.39,38.13,1.0,-1,-1,-1
162,5757,2109.77,932.38,125.88,68.48,1.0,-1,-1,-1
162,5758,1556.30,1028.31,184.56,106.25,1.0,-1,-1,-1
162,5759,1254.39,987.36,216.62,142.30,1.0,-1,-1,-1
162,5746,832.11,528.47,219.07,111.82,1.0,-1,-1,-1
162,5760,508.41,453.58,104.28,50.12,1.0,-1,-1,-1
163,5752,363.72,605.07,80.76,40.73,1.0,-1,-1,-1
163,5757,2075.98,929.28,124.81,66.71,1.0,-1,-1,-1
163,5758,1595.76,1035.81,186.29,107.19,1.0,-1,-1,-1
163,5759,1290.33,995.85,220.43,144.94,1.0,-1,-1,-1
163,5746,817.93,529.22,223.58,114.13,1.0,-1,-1,-1
163,5760,507.13,452.43,100.51,48.08,1.0,-1,-1,-1
164,5752,364.75,605.72,79.62,40.41,1.0,-1,-1,-1
164,5757,2041.57,924.97,126.70,66.74,1.0,-1,-1,-1
164,5758,1634.48,1044.96,187.81,108.15,1.0,-1,-1,-1
164,5759,1330.49,1006.06,219.10,145.22,1.0,-1,-1,-1
164,5746,811.41,530.11,224.36,114.35,1.0,-1,-1,-1
164,5760,499.13,452.08,103.28,49.16,1.0,-1,-1,-1
165,5752,364.77,605.97,79.97,40.91,1.0,-1,-1,-1
165,5757,2011.23,920.20,127.08,66.10,1.0,-1,-1,-1
165,5758,1670.80,1052.78,192.69,111.09,1.0,-1,-1,-1
165,5759,1366.21,1013.66,224.01,149.80,1.0,-1,-1,-1
165,5746,795.15,531.07,230.83,117.67,1.0,-1,-1,-1
165,5760,488.63,454.16,104.42,49.53,1.0,-1,-1,-1
166,5752,364.49,606.06,78.74,40.44,1.0,-1,-1,-1
166,5757,1979.46,915.26,128.12,65.87,1.0,-1,-1,-1
166,5758,1709.76,1060.08,195.51,112.82,1.0,-1,-1,-1
166,5759,1406.06,1021.54,227.20,152.12,1.0,-1,-1,-1
166,5746,783.15,534.00,227.41,115.66,1.0,-1,-1,-1
166,5760,481.15,455.58,106.61,50.41,1.0,-1,-1,-1
167,5752,364.59,606.08,79.18,40.90,1.0,-1,-1,-1
167,5757,1947.58,908.93,131.20,67.14,1.0,-1,-1,-1
167,5758,1752.73,1069.78,197.47,114.09,1.0,-1,-1,-1
167,5759,1446.79,1031.48,227.39,153.58,1.0,-1,-1,-1
167,5746,768.57,539.70,225.23,114.16,1.0,-1,-1,-1
167,5760,474.06,455.37,110.52,52.12,1.0,-1,-1,-1
168,5752,364.92,606.74,76.82,39.76,1.0,-1,-1,-1
168,5757,1919.64,904.74,127.01,64.33,1.0,-1,-1,-1
168,5758,1793.03,1079.10,200.32,115.83,1.0,-1,-1,-1
168,5759,1493.47,1041.56,221.59,148.84,1.0,-1,-1,-1
168,5746,754.28,542.46,224.36,113.57,1.0,-1,-1,-1
168,5760,469.11,455.95,111.04,52.07,1.0,-1,-1,-1
169,5752,365.21,607.65,75.61,39.30,1.0,-1,-1,-1
169,5757,1890.04,900.71,123.80,61.91,1.0,-1,-1,-1
169,5758,1836.29,1086.32,204.50,118.40,1.0,-1,-1,-1
169,5759,1532.05,1049.08,231.20,156.80,1.0,-1,-1,-1
169,5746,739.66,544.76,225.55,113.99,1.0,-1,-1,-1
169,5760,463.13,456.14,108.56,50.70,1.0,-1,-1,-1
170,5752,363.16,607.32,76.18,39.79,1.0,-1,-1,-1
170,5757,1858.98,897.40,123.20,61.05,1.0,-1,-1,-1
170,5758,1880.31,1096.62,204.73,118.04,1.0,-1,-1,-1
170,5759,1581.51,1063.35,226.46,152.61,1.0,-1,-1,-1
170,5746,724.73,547.53,227.95,114.79,1.0,-1,-1,-1
170,5760,453.88,456.87,107.96,50.19,1.0,-1,-1,-1
171,5752,362.11,607.19,75.01,39.31,1.0,-1,-1,-1
171,5757,1828.06,892.32,122.20,60.09,1.0,-1,-1,-1
171,5758,1922.29,1105.53,210.77,121.76,1.0,-1,-1,-1
171,5759,1626.84,1071.90,226.47,152.12,1.0,-1,-1,-1
171,5746,708.52,548.52,229.16,115.08,1.0,-1,-1,-1
171,5760,448.49,455.77,100.09,45.95,1.0,-1,-1,-1
172,5752,361.96,608.45,73.43,38.46,1.0,-1,-1,-1
172,5757,1799.47,887.27,119.85,58.42,1.0,-1,-1,-1
172,5758,1968.63,1113.87,215.56,125.07,1.0,-1,-1,-1
172,5759,1673.19,1080.75,231.74,155.83,1.0,-1,-1,-1
172,5746,693.67,550.13,234.14,117.15,1.0,-1,-1,-1
173,5752,359.49,608.92,75.04,39.47,1.0,-1,-1,-1
173,5757,1767.72,882.23,122.37,59.20,1.0,-1,-1,-1
173,5758,2017.71,1122.00,217.19,126.30,1.0,-1,-1,-1
173,5759,1713.04,1087.10,243.44,165.00,1.0,-1,-1,-1
173,5746,675.27,551.99,237.56,118.57,1.0,-1,-1,-1
174,5752,360.97,609.74,73.52,38.53,1.0,-1,-1,-1
174,5757,1740.49,876.53,122.56,58.84,1.0,-1,-1,-1
174,5758,2069.88,1132.64,218.78,126.71,1.0,-1,-1,-1
174,5759,1763.42,1097.67,241.78,164.61,1.0,-1,-1,-1
174,5746,658.75,554.60,242.41,121.05,1.0,-1,-1,-1
175,5752,361.64,609.37,74.15,38.83,1.0,-1,-1,-1
175,5757,1716.66,871.93,117.87,56.05,1.0,-1,-1,-1
175,5758,2117.73,1142.31,220.23,127.46,1.0,-1,-1,-1
175,5759,1811.79,1106.69,246.96,169.54,1.0,-1,-1,-1
175,5746,647.27,556.18,241.82,120.67,1.0,-1,-1,-1
176,5752,361.63,608.57,75.59,39.60,1.0,-1,-1,-1
176,5757,1687.10,865.70,119.28,56.41,1.0,-1,-1,-1
176,5758,2168.53,1150.28,225.29,130.29,1.0,-1,-1,-1
176,5759,1863.26,1115.71,249.75,172.00,1.0,-1,-1,-1
176,5746,628.30,558.02,245.54,122.46,1.0,-1,-1,-1
177,5752,362.00,607.60,74.75,39.24,1.0,-1,-1,-1
177,5757,1659.04,860.93,117.59,55.22,1.0,-1,-1,-1
177,5758,2219.61,1160.20,227.41,130.68,1.0,-1,-1,-1
177,5759,1906.99,1123.44,261.87,181.94,1.0,-1,-1,-1
177,5746,611.06,558.66,253.53,126.38,1.0,-1,-1,-1
177,5760,410.50,456.92,98.90,44.07,1.0,-1,-1,-1
178,5752,362.20,606.56,74.35,39.09,1.0,-1,-1,-1
178,5757,1631.48,856.68,116.23,54.13,1.0,-1,-1,-1
178,5758,2271.34,1169.58,235.28,135.33,1.0,-1,-1,-1
178,5759,1959.05,1133.88,262.96,183.77,1.0,-1,-1,-1
178,5746,591.65,558.20,259.73,129.78,1.0,-1,-1,-1
178,5760,412.47,457.69,94.69,41.18,1.0,-1,-1,-1
179,5752,362.34,606.16,75.40,39.70,1.0,-1,-1,-1
179,5757,1600.61,851.95,119.95,55.80,1.0,-1,-1,-1
179,5758,2322.37,1178.74,240.37,138.35,1.0,-1,-1,-1
179,5759,2013.74,1144.12,261.38,183.07,1.0,-1,-1,-1
179,5746,574.37,561.85,259.93,130.42,1.0,-1,-1,-1
179,5760,404.50,456.57,99.71,42.99,1.0,-1,-1,-1
180,5752,360.05,604.05,77.88,41.24,1.0,-1,-1,-1
180,5757,1570.67,842.42,125.18,58.40,1.0,-1,-1,-1
180,5758,2377.98,1187.81,239.39,136.87,1.0,-1,-1,-1
180,5759,2066.42,1150.37,265.35,186.58,1.0,-1,-1,-1
180,5746,556.59,561.25,258.48,129.30,1.0,-1,-1,-1
180,5760,388.90,453.54,108.71,46.25,1.0,-1,-1,-1
181,5752,362.05,595.46,74.38,39.22,1.0,-1,-1,-1
181,5757,1547.19,829.84,118.04,54.17,1.0,-1,-1,-1
181,5758,2432.12,1189.00,245.92,140.79,1.0,-1,-1,-1
181,5759,2121.97,1154.44,263.24,185.25,1.0,-1,-1,-1
181,5746,535.02,554.39,267.55,134.07,1.0,-1,-1,-1
181,5760,375.33,443.36,116.78,49.42,1.0,-1,-1,-1
182,5752,360.56,587.40,75.58,39.74,1.0,-1,-1,-1
182,5757,1523.55,816.41,117.78,53.86,1.0,-1,-1,-1
182,5758,2477.46,1193.12,249.31,143.52,1.0,-1,-1,-1
182,5759,2176.61,1156.97,261.03,183.30,1.0,-1,-1,-1
182,5746,521.46,545.97,266.35,133.25,1.0,-1,-1,-1
182,5760,370.55,434.27,110.95,46.17,1.0,-1,-1,-1
182,5761,2623.70,911.60,83.40,118.60,1.0,-1,-1,-1
183,5752,360.40,575.28,77.89,41.25,1.0,-1,-1,-1
183,5757,1495.06,801.76,119.81,55.10,1.0,-1,-1,-1
183,5758,2516.65,1195.08,242.21,143.22,1.0,-1,-1,-1
183,5759,2230.02,1156.30,269.62,189.69,1.0,-1,-1,-1
183,5746,501.55,538.70,270.92,135.47,1.0,-1,-1,-1
183,5760,365.94,423.97,108.91,44.79,1.0,-1,-1,-1
183,5761,2603.68,898.86,93.67,131.95,1.0,-1,-1,-1
184,5752,359.36,565.58,77.50,41.17,1.0,-1,-1,-1
184,5758,2547.82,1194.87,240.79,150.20,1.0,-1,-1,-1
184,5759,2287.78,1157.83,270.33,190.10,1.0,-1,-1,-1
184,5746,485.92,534.01,261.07,129.12,1.0,-1,-1,-1
184,5760,355.27,406.24,121.93,50.29,1.0,-1,-1,-1
184,5761,2585.62,881.28,98.27,135.10,1.0,-1,-1,-1
185,5752,359.98,556.68,75.29,39.81,1.0,-1,-1,-1
185,5758,2597.68,1195.94,200.13,133.54,1.0,-1,-1,-1
185,5759,2347.10,1164.01,272.49,191.46,1.0,-1,-1,-1
185,5746,463.54,526.89,268.82,133.23,1.0,-1,-1,-1
185,5760,352.63,398.64,115.22,47.19,1.0,-1,-1,-1
185,5761,2570.11,871.76,101.63,134.25,1.0,-1,-1,-1
186,5752,359.52,552.80,75.87,39.94,1.0,-1,-1,-1
186,5759,2406.32,1175.29,278.33,195.16,1.0,-1,-1,-1
186,5746,444.45,522.37,271.87,134.71,1.0,-1,-1,-1
186,5760,345.84,394.53,115.56,47.15,1.0,-1,-1,-1
186,5761,2551.76,863.37,108.53,135.77,1.0,-1,-1,-1
187,5759,2454.15,1186.55,278.90,197.16,1.0,-1,-1,-1
187,5746,421.65,523.98,269.86,132.63,1.0,-1,-1,-1
187,5760,340.46,393.16,117.17,47.80,1.0,-1,-1,-1
187,5761,2527.73,856.69,117.34,136.85,1.0,-1,-1,-1
188,5759,2492.87,1195.86,275.09,200.45,1.0,-1,-1,-1
188,5746,398.35,527.34,274.49,134.42,1.0,-1,-1,-1
188,5760,335.45,394.10,118.27,48.69,1.0,-1,-1,-1
188,5761,2494.48,851.29,130.44,143.92,1.0,-1,-1,-1
189,5759,2532.33,1208.29,259.96,199.03,1.0,-1,-1,-1
189,5746,377.91,530.61,276.44,134.42,1.0,-1,-1,-1
189,5760,334.11,394.62,114.69,47.71,1.0,-1,-1,-1
189,5761,2459.58,848.24,139.77,145.78,1.0,-1,-1,-1
190,5746,354.60,533.89,279.28,134.38,1.0,-1,-1,-1
190,5760,331.56,395.01,112.67,47.31,1.0,-1,-1,-1
190,5761,2427.78,845.49,143.09,141.03,1.0,-1,-1,-1
191,5746,326.05,533.85,292.81,140.27,1.0,-1,-1,-1
191,5760,326.85,395.29,111.24,47.16,1.0,-1,-1,-1
191,5761,2393.34,844.87,144.38,134.31,1.0,-1,-1,-1
192,5746,298.75,535.13,298.85,142.46,1.0,-1,-1,-1
192,5760,323.97,395.50,108.70,46.43,1.0,-1,-1,-1
192,5761,2360.48,843.65,150.24,133.05,1.0,-1,-1,-1
193,5746,275.55,537.60,304.40,144.56,1.0,-1,-1,-1
193,5760,321.13,395.70,104.40,44.16,1.0,-1,-1,-1
193,5761,2330.01,842.07,151.33,127.20,1.0,-1,-1,-1
194,5746,247.63,542.46,310.73,147.28,1.0,-1,-1,-1
194,5760,316.14,395.22,102.40,42.62,1.0,-1,-1,-1
194,5761,2300.19,840.42,152.92,121.56,1.0,-1,-1,-1
195,5746,221.79,547.56,312.21,146.98,1.0,-1,-1,-1
195,5760,307.70,395.14,105.87,43.43,1.0,-1,-1,-1
195,5761,2269.91,837.32,158.35,120.21,1.0,-1,-1,-1
196,5746,197.34,554.75,306.66,142.87,1.0,-1,-1,-1
196,5760,293.71,396.48,114.00,46.38,1.0,-1,-1,-1
196,5761,2236.50,833.66,165.83,121.11,1.0,-1,-1,-1
197,5746,169.39,558.79,313.07,145.21,1.0,-1,-1,-1
197,5760,281.31,396.35,118.06,48.13,1.0,-1,-1,-1
197,5761,2204.54,828.46,176.98,125.49,1.0,-1,-1,-1
198,5746,139.15,560.24,320.91,148.02,1.0,-1,-1,-1
198,5760,275.37,395.71,119.71,48.81,1.0,-1,-1,-1
198,5761,2174.12,823.36,180.24,124.49,1.0,-1,-1,-1
199,5746,110.38,562.69,325.26,149.06,1.0,-1,-1,-1
199,5760,271.83,395.51,116.82,47.10,1.0,-1,-1,-1
199,5761,2143.76,819.63,183.43,123.44,1.0,-1,-1,-1
200,5746,82.03,564.21,335.07,152.68,1.0,-1,-1,-1
200,5761,2113.42,815.08,191.34,127.05,1.0,-1,-1,-1
201,5746,50.03,566.68,339.68,153.38,1.0,-1,-1,-1
201,5761,2084.73,812.86,192.52,125.77,1.0,-1,-1,-1
201,5760,267.36,396.24,108.18,43.16,1.0,-1,-1,-1
202,5746,15.15,569.52,353.00,158.82,1.0,-1,-1,-1
202,5761,2058.14,810.22,192.77,123.94,1.0,-1,-1,-1
202,5760,262.01,397.97,109.12,43.62,1.0,-1,-1,-1
203,5746,-6.35,572.49,356.38,160.84,1.0,-1,-1,-1
203,5761,2032.01,808.07,192.05,121.92,1.0,-1,-1,-1
203,5760,255.91,397.86,109.38,43.77,1.0,-1,-1,-1
203,5762,358.85,550.20,71.51,37.60,1.0,-1,-1,-1
204,5746,-22.17,574.22,359.53,164.16,1.0,-1,-1,-1
204,5761,2004.89,805.43,194.61,121.84,1.0,-1,-1,-1
204,5762,358.37,550.04,70.74,37.13,1.0,-1,-1,-1
205,5746,-34.17,575.46,354.64,164.73,1.0,-1,-1,-1
205,5761,1979.99,803.25,194.56,120.50,1.0,-1,-1,-1
205,5762,356.28,549.99,73.57,38.56,1.0,-1,-1,-1
206,5746,-48.99,575.86,353.36,168.79,1.0,-1,-1,-1
206,5761,1952.60,799.26,194.85,119.34,1.0,-1,-1,-1
206,5762,356.28,549.98,73.21,38.26,1.0,-1,-1,-1
206,5763,1195.40,904.40,157.81,77.40,1.0,-1,-1,-1
206,5764,493.32,418.60,54.37,32.80,1.0,-1,-1,-1
206,5760,240.79,399.47,108.74,43.93,1.0,-1,-1,-1
207,5746,-61.29,578.54,344.10,170.28,1.0,-1,-1,-1
207,5761,1924.29,792.57,198.55,120.93,1.0,-1,-1,-1
207,5762,355.26,550.71,74.46,38.86,1.0,-1,-1,-1
207,5763,1226.06,911.85,155.75,76.31,1.0,-1,-1,-1
207,5764,493.24,418.91,52.22,31.42,1.0,-1,-1,-1
207,5765,964.40,890.40,150.99,82.00,1.0,-1,-1,-1
207,5760,237.44,399.77,104.84,42.62,1.0,-1,-1,-1
208,5746,-63.79,582.77,320.67,164.93,1.0,-1,-1,-1
208,5761,1900.69,788.89,196.75,118.89,1.0,-1,-1,-1
208,5762,354.20,550.25,74.95,39.05,1.0,-1,-1,-1
208,5763,1262.34,918.22,164.73,80.68,1.0,-1,-1,-1
208,5764,491.27,419.80,51.43,30.96,1.0,-1,-1,-1
208,5765,991.35,897.03,155.06,84.31,1.0,-1,-1,-1
208,5760,232.01,400.56,104.86,42.84,1.0,-1,-1,-1
209,5761,1874.54,785.00,196.88,118.13,1.0,-1,-1,-1
209,5762,353.50,549.40,75.12,39.11,1.0,-1,-1,-1
209,5763,1297.39,925.89,171.96,84.23,1.0,-1,-1,-1
209,5764,488.49,421.58,45.01,27.05,1.0,-1,-1,-1
209,5765,1023.52,904.63,156.23,85.09,1.0,-1,-1,-1
210,5761,1849.90,782.37,196.76,116.53,1.0,-1,-1,-1
210,5762,352.66,549.08,76.39,39.79,1.0,-1,-1,-1
210,5763,1334.29,933.94,173.15,84.68,1.0,-1,-1,-1
210,5764,486.22,421.32,44.44,26.66,1.0,-1,-1,-1
210,5765,1055.95,912.09,157.63,86.01,1.0,-1,-1,-1
211,5761,1825.85,780.88,193.86,113.96,1.0,-1,-1,-1
211,5762,352.00,548.97,75.58,39.37,1.0,-1,-1,-1
211,5763,1372.34,942.80,173.73,84.73,1.0,-1,-1,-1
211,5765,1087.76,920.06,157.71,86.27,1.0,-1,-1,-1
211,5746,-94.45,593.45,293.10,162.65,1.0,-1,-1,-1
212,5761,1800.36,777.80,196.54,113.70,1.0,-1,-1,-1
212,5762,352.09,548.94,75.32,39.19,1.0,-1,-1,-1
212,5763,1412.45,952.57,175.22,85.35,1.0,-1,-1,-1
212,5765,1120.68,927.47,158.60,87.02,1.0,-1,-1,-1
212,5746,-94.50,600.97,260.87,157.28,1.0,-1,-1,-1
212,5764,487.79,421.97,40.61,24.21,1.0,-1,-1,-1
213,5761,1780.34,776.13,191.27,109.63,1.0,-1,-1,-1
213,5762,352.78,549.60,73.96,38.44,1.0,-1,-1,-1
213,5763,1450.81,961.27,177.75,86.20,1.0,-1,-1,-1
213,5765,1153.85,936.03,157.73,86.56,1.0,-1,-1,-1
214,5761,1753.92,772.97,188.53,106.79,1.0,-1,-1,-1
214,5762,352.94,549.86,72.35,37.49,1.0,-1,-1,-1
214,5763,1487.88,970.23,186.52,90.47,1.0,-1,-1,-1
214,5765,1185.70,942.26,161.01,88.40,1.0,-1,-1,-1
215,5761,1728.47,767.22,194.17,108.51,1.0,-1,-1,-1
215,5762,352.58,549.96,71.96,37.13,1.0,-1,-1,-1
215,5763,1529.41,979.92,186.77,90.07,1.0,-1,-1,-1
215,5765,1217.94,948.99,165.20,91.06,1.0,-1,-1,-1
215,5766,2642.47,895.00,69.46,65.80,1.0,-1,-1,-1
216,5761,1706.98,763.90,191.56,106.50,1.0,-1,-1,-1
216,5762,352.37,549.99,71.99,37.00,1.0,-1,-1,-1
216,5763,1571.07,989.92,191.84,92.47,1.0,-1,-1,-1
216,5765,1253.24,956.56,165.17,91.37,1.0,-1,-1,-1
216,5766,2627.78,890.59,73.56,68.89,1.0,-1,-1,-1
217,5761,1679.66,759.46,196.55,109.15,1.0,-1,-1,-1
217,5762,350.05,549.33,74.52,38.30,1.0,-1,-1,-1
217,5763,1613.28,999.98,192.77,92.68,1.0,-1,-1,-1
217,5765,1288.10,965.12,167.45,92.77,1.0,-1,-1,-1
217,5766,2607.17,886.70,80.77,73.76,1.0,-1,-1,-1
217,5764,445.20,422.90,39.82,23.06,1.0,-1,-1,-1
218,5761,1654.59,756.61,195.48,108.16,1.0,-1,-1,-1
218,5762,350.13,549.75,74.27,38.12,1.0,-1,-1,-1
218,5763,1655.73,1010.09,196.06,94.01,1.0,-1,-1,-1
218,5765,1324.09,973.37,169.16,93.92,1.0,-1,-1,-1
218,5766,2587.21,882.63,86.13,75.38,1.0,-1,-1,-1
218,5764,439.05,423.69,41.51,22.98,1.0,-1,-1,-1
219,5761,1631.71,754.36,194.79,106.49,1.0,-1,-1,-1
219,5762,349.78,549.25,74.31,38.05,1.0,-1,-1,-1
219,5763,1699.32,1018.22,202.61,97.08,1.0,-1,-1,-1
219,5765,1362.52,983.47,168.57,93.66,1.0,-1,-1,-1
219,5766,2561.28,879.90,88.95,73.74,1.0,-1,-1,-1
219,5764,432.21,423.94,42.26,22.28,1.0,-1,-1,-1
220,5761,1606.92,750.99,198.36,107.90,1.0,-1,-1,-1
220,5762,349.34,549.06,74.32,38.02,1.0,-1,-1,-1
220,5763,1742.91,1027.56,207.88,99.51,1.0,-1,-1,-1
220,5765,1398.98,991.65,172.93,96.16,1.0,-1,-1,-1
220,5766,2530.17,874.91,92.17,72.29,1.0,-1,-1,-1
220,5764,426.19,424.71,44.66,22.71,1.0,-1,-1,-1
221,5761,1586.46,748.53,192.05,103.80,1.0,-1,-1,-1
221,5762,350.10,549.66,73.16,37.35,1.0,-1,-1,-1
221,5763,1789.99,1037.35,210.89,100.40,1.0,-1,-1,-1
221,5765,1438.05,1001.04,173.52,96.42,1.0,-1,-1,-1
221,5766,2498.92,869.13,95.57,71.01,1.0,-1,-1,-1
222,5761,1567.52,748.45,188.37,101.60,1.0,-1,-1,-1
222,5762,350.27,549.22,71.68,36.43,1.0,-1,-1,-1
222,5763,1837.17,1049.93,214.91,101.98,1.0,-1,-1,-1
222,5765,1475.99,1010.25,177.06,98.45,1.0,-1,-1,-1
222,5766,2466.31,864.45,99.91,70.50,1.0,-1,-1,-1
223,5761,1545.87,744.51,186.05,100.16,1.0,-1,-1,-1
223,5762,349.13,549.05,74.90,38.10,1.0,-1,-1,-1
223,5763,1886.45,1060.96,220.88,104.49,1.0,-1,-1,-1
223,5765,1514.03,1019.37,181.77,101.14,1.0,-1,-1,-1
223,5766,2434.05,862.90,100.49,66.90,1.0,-1,-1,-1
224,5761,1524.57,741.16,186.90,100.35,1.0,-1,-1,-1
224,5762,348.46,549.00,75.94,38.70,1.0,-1,-1,-1
224,5763,1936.97,1072.68,222.10,104.76,1.0,-1,-1,-1
224,5765,1556.95,1029.74,183.72,102.14,1.0,-1,-1,-1
224,5766,2401.97,859.12,105.51,66.91,1.0,-1,-1,-1
225,5761,1502.69,736.70,183.61,98.45,1.0,-1,-1,-1
225,5762,347.60,548.98,76.25,38.94,1.0,-1,-1,-1
225,5763,1985.46,1080.77,227.89,107.40,1.0,-1,-1,-1
225,5765,1598.91,1039.32,187.76,104.43,1.0,-1,-1,-1
225,5766,2371.66,857.21,108.70,66.25,1.0,-1,-1,-1
225,5768,2624.05,1021.60,76.10,97.80,1.0,-1,-1,-1
226,5761,1483.86,735.84,176.94,94.43,1.0,-1,-1,-1
226,5762,347.05,548.97,77.49,39.68,1.0,-1,-1,-1
226,5763,2036.62,1092.65,234.09,110.30,1.0,-1,-1,-1
226,5765,1642.03,1050.50,190.66,105.92,1.0,-1,-1,-1
226,5766,2340.80,853.96,110.77,64.66,1.0,-1,-1,-1
226,5768,2602.44,1016.53,74.57,93.34,1.0,-1,-1,-1
226,5760,93.69,396.04,93.51,40.03,1.0,-1,-1,-1
227,5761,1463.06,732.29,178.64,95.03,1.0,-1,-1,-1
227,5762,347.73,549.62,75.55,38.65,1.0,-1,-1,-1
227,5763,2094.18,1106.62,236.84,112.02,1.0,-1,-1,-1
227,5765,1690.55,1062.32,189.72,105.14,1.0,-1,-1,-1
227,5766,2307.01,850.21,117.27,66.11,1.0,-1,-1,-1
227,5768,2569.57,1006.08,81.61,97.42,1.0,-1,-1,-1
227,5760,91.53,397.36,85.54,37.12,1.0,-1,-1,-1
228,5761,1440.78,730.43,180.06,95.95,1.0,-1,-1,-1
228,5762,348.11,549.22,75.93,38.90,1.0,-1,-1,-1
228,5763,2148.92,1118.83,241.13,113.92,1.0,-1,-1,-1
228,5765,1733.79,1073.08,194.92,108.06,1.0,-1,-1,-1
228,5766,2278.35,846.94,119.92,65.32,1.0,-1,-1,-1
228,5768,2525.83,997.17,87.50,98.69,1.0,-1,-1,-1
228,5760,88.35,397.08,87.43,38.29,1.0,-1,-1,-1
229,5761,1420.02,728.51,178.64,95.01,1.0,-1,-1,-1
229,5762,347.73,549.72,77.11,39.65,1.0,-1,-1,-1
229,5763,2203.16,1130.98,247.26,116.53,1.0,-1,-1,-1
229,5765,1779.10,1082.74,201.73,111.73,1.0,-1,-1,-1
229,5766,2247.38,843.19,124.13,65.70,1.0,-1,-1,-1
229,5768,2478.19,990.16,88.24,92.65,1.0,-1,-1,-1
229,5760,84.70,399.00,87.35,37.36,1.0,-1,-1,-1
230,5761,1402.24,726.59,176.03,93.36,1.0,-1,-1,-1
230,5762,348.22,549.92,76.30,39.28,1.0,-1,-1,-1
230,5763,2262.42,1143.73,253.90,119.43,1.0,-1,-1,-1
230,5765,1828.24,1094.57,204.39,113.10,1.0,-1,-1,-1
230,5766,2217.05,837.27,128.67,66.51,1.0,-1,-1,-1
230,5768,2426.28,983.85,91.59,89.74,1.0,-1,-1,-1
230,5760,74.78,400.41,92.99,39.05,1.0,-1,-1,-1
231,5761,1380.81,721.29,183.13,96.81,1.0,-1,-1,-1
231,5762,347.90,549.99,77.04,39.79,1.0,-1,-1,-1
231,5763,2322.10,1156.72,259.20,121.13,1.0,-1,-1,-1
231,5765,1879.21,1106.61,206.18,113.57,1.0,-1,-1,-1
231,5766,2187.95,833.85,128.07,64.83,1.0,-1,-1,-1
231,5768,2375.27,973.52,99.61,91.66,1.0,-1,-1,-1
231,5760,65.95,401.57,97.21,40.33,1.0,-1,-1,-1
232,5762,346.82,550.67,77.27,39.98,1.0,-1,-1,-1
232,5763,2384.81,1170.45,263.46,122.37,1.0,-1,-1,-1
232,5765,1928.41,1117.42,212.48,116.96,1.0,-1,-1,-1
232,5766,2160.86,830.73,128.36,63.53,1.0,-1,-1,-1
232,5768,2327.20,964.68,101.06,86.86,1.0,-1,-1,-1
232,5760,48.95,403.32,102.31,42.13,1.0,-1,-1,-1
233,5762,346.08,549.61,77.36,40.04,1.0,-1,-1,-1
233,5763,2442.04,1182.51,273.39,127.32,1.0,-1,-1,-1
233,5765,1979.92,1129.03,216.19,118.85,1.0,-1,-1,-1
233,5766,2130.66,827.71,128.78,62.38,1.0,-1,-1,-1
233,5768,2279.02,956.33,105.28,85.13,1.0,-1,-1,-1
233,5760,39.17,403.97,108.00,44.11,1.0,-1,-1,-1
234,5762,345.82,549.21,77.38,40.06,1.0,-1,-1,-1
234,5763,2499.37,1199.05,244.84,115.06,1.0,-1,-1,-1
234,5765,2033.90,1140.31,223.00,122.12,1.0,-1,-1,-1
234,5766,2103.45,824.73,130.33,61.98,1.0,-1,-1,-1
234,5768,2232.50,949.57,109.16,83.20,1.0,-1,-1,-1
234,5760,29.40,402.27,119.44,48.73,1.0,-1,-1,-1
234,5769,2606.62,908.80,99.76,66.60,1.0,-1,-1,-1
235,5762,345.62,549.71,76.27,39.41,1.0,-1,-1,-1
235,5763,2537.94,1212.96,237.80,116.63,1.0,-1,-1,-1
235,5765,2088.05,1152.74,229.11,125.26,1.0,-1,-1,-1
235,5766,2074.89,820.41,134.54,63.18,1.0,-1,-1,-1
235,5768,2186.00,941.31,116.14,84.64,1.0,-1,-1,-1
235,5760,20.93,400.98,125.27,51.13,1.0,-1,-1,-1
235,5769,2589.87,905.84,105.97,70.03,1.0,-1,-1,-1
236,5762,344.42,549.24,78.12,40.48,1.0,-1,-1,-1
236,5763,2587.24,1223.66,208.90,109.28,1.0,-1,-1,-1
236,5765,2145.20,1165.61,231.67,126.43,1.0,-1,-1,-1
236,5766,2049.17,816.95,134.38,62.32,1.0,-1,-1,-1
236,5768,2143.31,934.56,119.42,83.18,1.0,-1,-1,-1
236,5760,10.40,402.34,120.86,49.54,1.0,-1,-1,-1
236,5769,2566.34,901.06,112.08,72.68,1.0,-1,-1,-1
237,5762,344.69,549.72,77.41,40.22,1.0,-1,-1,-1
237,5765,2204.79,1178.66,236.18,128.75,1.0,-1,-1,-1
237,5766,2025.06,813.13,132.19,60.66,1.0,-1,-1,-1
237,5768,2102.44,927.68,119.80,79.97,1.0,-1,-1,-1
237,5760,10.37,400.92,119.86,48.82,1.0,-1,-1,-1
237,5769,2538.87,898.82,111.80,70.53,1.0,-1,-1,-1
238,5762,344.76,549.91,77.21,40.11,1.0,-1,-1,-1
238,5765,2266.94,1193.06,238.60,129.58,1.0,-1,-1,-1
238,5766,2000.11,809.18,132.78,60.06,1.0,-1,-1,-1
238,5768,2058.74,920.07,124.76,80.22,1.0,-1,-1,-1
238,5760,8.02,399.07,120.07,48.53,1.0,-1,-1,-1
238,5769,2506.40,896.07,115.73,71.09,1.0,-1,-1,-1
239,5762,344.53,549.98,77.03,40.07,1.0,-1,-1,-1
239,5765,2328.62,1207.33,245.82,133.08,1.0,-1,-1,-1
239,5766,1973.61,804.51,137.48,61.87,1.0,-1,-1,-1
239,5768,2017.90,912.87,129.00,80.36,1.0,-1,-1,-1
239,5760,2.88,400.32,119.96,48.39,1.0,-1,-1,-1
239,5769,2475.88,893.83,115.42,68.45,1.0,-1,-1,-1
240,5762,344.38,550.01,77.09,40.05,1.0,-1,-1,-1
240,5765,2391.75,1220.87,251.89,135.66,1.0,-1,-1,-1
240,5766,1950.19,800.92,134.36,59.90,1.0,-1,-1,-1
240,5768,1978.55,906.48,132.73,80.45,1.0,-1,-1,-1
240,5760,-0.85,401.45,120.66,48.97,1.0,-1,-1,-1
240,5769,2444.81,889.68,118.64,68.15,1.0,-1,-1,-1
240,5770,5.33,605.80,30.94,41.40,1.0,-1,-1,-1
241,5762,344.52,549.35,78.07,40.70,1.0,-1,-1,-1
241,5765,2453.10,1236.07,259.08,139.83,1.0,-1,-1,-1
241,5766,1924.12,798.40,133.98,59.16,1.0,-1,-1,-1
241,5768,1938.44,899.73,134.87,79.86,1.0,-1,-1,-1
241,5769,2413.72,886.26,121.28,67.35,1.0,-1,-1,-1
241,5770,9.02,604.40,34.02,44.99,1.0,-1,-1,-1
242,5762,345.85,549.11,77.21,40.28,1.0,-1,-1,-1
242,5765,2502.56,1249.96,254.78,141.38,1.0,-1,-1,-1
242,5766,1900.19,794.94,132.99,58.23,1.0,-1,-1,-1
242,5768,1899.84,892.16,135.49,78.33,1.0,-1,-1,-1
242,5769,2382.19,883.10,124.59,67.07,1.0,-1,-1,-1
242,5770,14.50,605.43,34.74,44.68,1.0,-1,-1,-1
242,5760,-6.59,402.03,117.46,48.34,1.0,-1,-1,-1
243,5762,346.11,548.35,76.73,40.12,1.0,-1,-1,-1
243,5765,2545.33,1265.29,246.72,144.49,1.0,-1,-1,-1
243,5766,1879.88,792.46,130.15,56.57,1.0,-1,-1,-1
243,5768,1861.17,884.96,139.49,79.15,1.0,-1,-1,-1
243,5769,2350.55,878.01,128.85,67.65,1.0,-1,-1,-1
243,5760,-6.70,402.84,116.68,48.75,1.0,-1,-1,-1
244,5762,347.23,547.41,74.50,38.73,1.0,-1,-1,-1
244,5766,1856.19,787.65,129.37,55.97,1.0,-1,-1,-1
244,5768,1824.57,878.56,140.43,78.14,1.0,-1,-1,-1
244,5769,2319.81,871.56,135.73,69.88,1.0,-1,-1,-1
244,5760,-9.07,402.45,117.84,50.22,1.0,-1,-1,-1
244,5770,20.32,606.84,40.92,50.25,1.0,-1,-1,-1
245,5762,346.62,547.06,75.05,38.87,1.0,-1,-1,-1
245,5766,1830.36,783.34,132.39,57.12,1.0,-1,-1,-1
245,5768,1790.40,871.80,139.68,76.46,1.0,-1,-1,-1
245,5769,2291.64,867.95,133.15,66.74,1.0,-1,-1,-1
245,5760,-14.43,402.30,121.59,53.37,1.0,-1,-1,-1
246,5762,346.42,546.94,75.23,38.93,1.0,-1,-1,-1
246,5766,1808.90,779.88,131.12,56.24,1.0,-1,-1,-1
246,5768,1755.87,864.90,137.42,73.85,1.0,-1,-1,-1
246,5769,2265.82,865.43,130.12,63.48,1.0,-1,-1,-1
246,5760,-16.62,402.87,119.04,53.93,1.0,-1,-1,-1
247,5762,345.66,545.58,75.33,38.95,1.0,-1,-1,-1
247,5766,1786.93,776.07,129.28,55.25,1.0,-1,-1,-1
247,5768,1720.61,859.29,137.77,72.93,1.0,-1,-1,-1
247,5769,2236.38,862.65,133.34,63.66,1.0,-1,-1,-1
247,5760,-18.53,403.08,112.09,52.83,1.0,-1,-1,-1
248,5762,344.15,545.08,76.51,39.63,1.0,-1,-1,-1
248,5766,1765.21,771.45,128.97,54.91,1.0,-1,-1,-1
248,5768,1685.51,853.47,138.80,72.63,1.0,-1,-1,-1
248,5769,2205.72,859.06,137.38,64.41,1.0,-1,-1,-1
248,5760,-19.33,402.49,106.63,52.38,1.0,-1,-1,-1
249,5762,343.64,544.24,78.16,40.54,1.0,-1,-1,-1
249,5766,1742.46,767.22,131.40,56.14,1.0,-1,-1,-1
249,5768,1653.67,848.91,137.02,70.55,1.0,-1,-1,-1
249,5769,2178.32,857.20,137.61,63.37,1.0,-1,-1,-1
249,5764,265.80,425.02,42.38,24.00,1.0,-1,-1,-1
250,5762,342.06,544.59,77.65,40.23,1.0,-1,-1,-1
250,5766,1719.70,763.79,132.08,56.60,1.0,-1,-1,-1
250,5768,1620.60,844.16,137.12,69.82,1.0,-1,-1,-1
250,5769,2151.31,853.98,137.43,62.32,1.0,-1,-1,-1
251,5762,341.54,544.75,77.29,40.10,1.0,-1,-1,-1
251,5766,1696.45,761.98,131.10,56.13,1.0,-1,-1,-1
251,5768,1586.70,836.61,139.17,70.27,1.0,-1,-1,-1
251,5769,2125.55,850.91,138.89,61.95,1.0,-1,-1,-1
252,5762,342.19,544.82,74.82,38.73,1.0,-1,-1,-1
252,5766,1679.23,759.46,129.02,55.30,1.0,-1,-1,-1
252,5768,1551.71,830.06,142.81,71.81,1.0,-1,-1,-1
252,5769,2099.20,848.56,139.06,61.16,1.0,-1,-1,-1
253,5762,339.70,544.19,77.39,40.22,1.0,-1,-1,-1
253,5766,1656.25,755.33,128.57,54.99,1.0,-1,-1,-1
253,5768,1519.84,825.85,141.26,70.42,1.0,-1,-1,-1
253,5769,2068.79,844.47,145.73,63.57,1.0,-1,-1,-1
254,5762,338.33,544.62,77.96,40.76,1.0,-1,-1,-1
254,5766,1638.88,753.93,123.16,52.23,1.0,-1,-1,-1
254,5768,1490.12,821.89,139.92,69.25,1.0,-1,-1,-1
254,5769,2042.79,841.73,145.64,63.14,1.0,-1,-1,-1
255,5762,337.83,546.11,76.86,40.31,1.0,-1,-1,-1
255,5766,1619.57,751.56,122.76,51.88,1.0,-1,-1,-1
255,5768,1462.06,818.67,139.54,68.84,1.0,-1,-1,-1
255,5769,2018.30,838.18,147.31,63.65,1.0,-1,-1,-1
256,5762,337.58,548.67,73.95,38.80,1.0,-1,-1,-1
256,5766,1598.79,749.47,124.15,52.45,1.0,-1,-1,-1
256,5768,1432.23,815.69,138.80,68.05,1.0,-1,-1,-1
256,5769,1995.47,836.31,146.07,62.52,1.0,-1,-1,-1
257,5762,334.11,550.31,78.33,41.58,1.0,-1,-1,-1
257,5766,1578.25,748.13,125.99,53.34,1.0,-1,-1,-1
257,5768,1401.91,812.80,138.95,67.78,1.0,-1,-1,-1
257,5769,1971.10,833.74,149.45,63.43,1.0,-1,-1,-1
258,5762,332.22,551.55,79.26,42.58,1.0,-1,-1,-1
258,5766,1557.70,747.74,126.19,53.68,1.0,-1,-1,-1
258,5768,1371.99,809.93,138.86,67.71,1.0,-1,-1,-1
258,5769,1943.46,832.88,149.90,63.78,1.0,-1,-1,-1
258,5771,175.06,573.00,86.89,40.60,1.0,-1,-1,-1
259,5762,331.76,553.31,79.11,42.96,1.0,-1,-1,-1
259,5766,1538.28,745.06,127.48,54.49,1.0,-1,-1,-1
259,5768,1346.71,806.38,135.69,65.71,1.0,-1,-1,-1
259,5769,1920.03,833.33,146.29,61.93,1.0,-1,-1,-1
259,5771,158.52,572.27,93.54,43.83,1.0,-1,-1,-1
260,5762,332.10,554.63,77.45,42.44,1.0,-1,-1,-1
260,5766,1521.72,743.48,124.93,53.48,1.0,-1,-1,-1
260,5768,1318.73,802.59,134.94,64.99,1.0,-1,-1,-1
260,5769,1896.06,832.31,145.47,61.23,1.0,-1,-1,-1
260,5771,151.52,571.26,89.53,42.13,1.0,-1,-1,-1
261,5762,332.87,555.11,75.59,41.57,1.0,-1,-1,-1
261,5766,1502.36,739.01,127.41,55.09,1.0,-1,-1,-1
261,5768,1290.62,798.02,135.17,65.42,1.0,-1,-1,-1
261,5769,1872.49,830.68,143.81,60.31,1.0,-1,-1,-1
261,5771,143.49,570.18,84.62,39.89,1.0,-1,-1,-1
262,5762,332.62,554.60,76.71,42.56,1.0,-1,-1,-1
262,5766,1484.19,736.11,127.80,55.69,1.0,-1,-1,-1
262,5768,1265.46,793.83,133.07,64.27,1.0,-1,-1,-1
262,5769,1848.27,828.16,143.40,59.98,1.0,-1,-1,-1
262,5771,131.94,567.66,78.18,36.93,1.0,-1,-1,-1
263,5762,332.99,555.05,74.92,41.61,1.0,-1,-1,-1
263,5769,1823.46,825.31,143.48,59.87,1.0,-1,-1,-1
263,5771,118.00,565.41,76.06,35.99,1.0,-1,-1,-1
264,5762,332.92,554.53,74.06,41.23,1.0,-1,-1,-1
264,5769,1800.57,821.67,140.80,58.52,1.0,-1,-1,-1
264,5771,106.30,563.30,74.04,35.00,1.0,-1,-1,-1
265,5762,332.80,554.98,72.63,40.43,1.0,-1,-1,-1
265,5769,1775.63,817.73,139.94,58.02,1.0,-1,-1,-1
265,5771,91.18,561.23,76.15,36.12,1.0,-1,-1,-1
