24,5209,1244.58,886.00,140.04,79.00,1.0,-1,-1,-1
25,5209,1285.74,890.62,140.04,79.00,1.0,-1,-1,-1
25,5210,90.19,449.00,106.83,64.80,1.0,-1,-1,-1
26,5209,1335.33,896.84,141.54,79.78,1.0,-1,-1,-1
26,5210,118.46,449.78,103.35,62.61,1.0,-1,-1,-1
27,5209,1381.77,903.13,142.05,80.02,1.0,-1,-1,-1
27,5210,151.23,449.23,98.55,59.52,1.0,-1,-1,-1
28,5209,1427.80,910.79,142.52,80.09,1.0,-1,-1,-1
28,5210,177.03,447.49,100.17,60.25,1.0,-1,-1,-1
29,5209,1474.03,918.13,145.31,81.50,1.0,-1,-1,-1
29,5210,201.38,446.24,104.18,62.73,1.0,-1,-1,-1
30,5209,1519.82,926.01,148.82,83.37,1.0,-1,-1,-1
30,5210,228.15,445.85,100.34,60.09,1.0,-1,-1,-1
31,5209,1567.21,934.73,150.32,84.03,1.0,-1,-1,-1
31,5210,253.66,445.05,102.31,61.26,1.0,-1,-1,-1
31,5213,9.23,497.20,19.15,28.40,1.0,-1,-1,-1
32,5209,1615.96,945.10,148.82,82.90,1.0,-1,-1,-1
32,5210,277.80,442.74,105.10,63.04,1.0,-1,-1,-1
32,5213,26.18,496.26,18.48,26.52,1.0,-1,-1,-1
33,5209,1664.00,954.06,149.94,83.12,1.0,-1,-1,-1
33,5210,304.04,443.27,101.08,60.34,1.0,-1,-1,-1
33,5213,49.34,494.34,18.33,25.12,1.0,-1,-1,-1
34,5209,1710.77,963.12,153.20,84.51,1.0,-1,-1,-1
34,5210,327.16,444.22,100.90,60.00,1.0,-1,-1,-1
34,5213,69.55,493.06,18.61,24.00,1.0,-1,-1,-1
35,5209,1749.79,971.54,154.51,85.02,1.0,-1,-1,-1
35,5210,339.53,443.91,101.80,60.56,1.0,-1,-1,-1
35,5213,74.03,490.46,20.80,25.25,1.0,-1,-1,-1
35,5217,103.10,532.20,59.60,36.60,1.0,-1,-1,-1
36,5209,1782.86,979.72,155.85,85.19,1.0,-1,-1,-1
36,5210,344.05,443.81,101.81,60.78,1.0,-1,-1,-1
36,5213,72.71,488.97,22.18,24.94,1.0,-1,-1,-1
36,5217,111.87,534.33,58.93,36.14,1.0,-1,-1,-1
37,5209,1813.14,986.48,160.32,87.22,1.0,-1,-1,-1
37,5210,344.16,443.79,101.78,60.87,1.0,-1,-1,-1
37,5213,65.99,487.13,24.34,25.56,1.0,-1,-1,-1
37,5217,120.54,535.84,59.87,36.76,1.0,-1,-1,-1
37,5218,1395.43,811.20,116.14,62.20,1.0,-1,-1,-1
38,5209,1842.15,994.68,164.04,88.62,1.0,-1,-1,-1
38,5210,342.87,443.14,102.82,61.58,1.0,-1,-1,-1
38,5213,57.02,485.17,27.44,27.16,1.0,-1,-1,-1
38,5217,129.10,538.49,59.16,36.23,1.0,-1,-1,-1
38,5218,1419.28,815.78,118.94,63.62,1.0,-1,-1,-1
39,5209,1872.42,1002.12,167.90,90.44,1.0,-1,-1,-1
39,5210,341.72,442.91,102.00,61.18,1.0,-1,-1,-1
39,5213,49.71,485.16,28.36,26.42,1.0,-1,-1,-1
39,5217,137.45,540.75,58.86,36.04,1.0,-1,-1,-1
39,5218,1447.89,823.44,115.76,61.74,1.0,-1,-1,-1
40,5209,1905.46,1011.22,168.64,90.45,1.0,-1,-1,-1
40,5210,339.79,442.84,102.66,61.70,1.0,-1,-1,-1
40,5213,42.61,483.91,29.82,26.13,1.0,-1,-1,-1
40,5218,1472.24,829.50,121.87,64.91,1.0,-1,-1,-1
41,5209,1937.51,1019.00,172.94,92.39,1.0,-1,-1,-1
41,5210,339.36,443.49,100.76,59.91,1.0,-1,-1,-1
41,5218,1495.53,833.42,129.24,68.75,1.0,-1,-1,-1
41,5220,2.37,494.60,25.06,45.00,1.0,-1,-1,-1
41,5217,152.69,545.69,59.04,35.99,1.0,-1,-1,-1
42,5209,1969.84,1026.93,176.13,93.75,1.0,-1,-1,-1
42,5210,337.24,443.75,100.75,59.90,1.0,-1,-1,-1
42,5218,1520.15,837.35,134.41,71.46,1.0,-1,-1,-1
42,5220,5.61,497.22,24.89,44.23,1.0,-1,-1,-1
42,5213,27.96,484.18,30.55,25.22,1.0,-1,-1,-1
43,5209,2003.86,1036.21,178.96,94.90,1.0,-1,-1,-1
43,5210,335.48,444.52,100.07,59.24,1.0,-1,-1,-1
43,5218,1549.87,844.65,132.89,70.39,1.0,-1,-1,-1
43,5220,8.23,498.88,25.70,44.76,1.0,-1,-1,-1
44,5209,2038.02,1044.71,183.39,96.60,1.0,-1,-1,-1
44,5210,334.33,444.82,100.06,59.00,1.0,-1,-1,-1
44,5218,1579.22,852.59,130.12,68.52,1.0,-1,-1,-1
44,5220,10.07,499.32,27.43,46.43,1.0,-1,-1,-1
44,5217,175.82,551.08,60.68,36.87,1.0,-1,-1,-1
45,5209,2070.24,1051.60,195.66,103.08,1.0,-1,-1,-1
45,5210,332.82,444.93,100.98,59.58,1.0,-1,-1,-1
45,5218,1606.21,858.68,134.52,70.47,1.0,-1,-1,-1
45,5220,13.26,501.54,29.07,46.98,1.0,-1,-1,-1
45,5213,5.77,478.41,44.13,36.19,1.0,-1,-1,-1
46,5209,2108.06,1062.37,195.67,102.97,1.0,-1,-1,-1
46,5210,331.67,444.31,102.08,60.47,1.0,-1,-1,-1
46,5218,1632.91,864.73,140.10,73.14,1.0,-1,-1,-1
46,5222,278.59,562.40,61.41,31.20,1.0,-1,-1,-1
46,5217,189.65,556.58,61.18,37.00,1.0,-1,-1,-1
47,5209,2145.80,1071.49,198.03,104.14,1.0,-1,-1,-1
47,5210,329.74,444.08,102.47,60.81,1.0,-1,-1,-1
47,5218,1661.77,872.07,142.31,74.12,1.0,-1,-1,-1
47,5220,24.60,507.37,29.13,43.82,1.0,-1,-1,-1
48,5209,2187.00,1082.51,200.15,105.19,1.0,-1,-1,-1
48,5210,330.19,445.31,100.52,59.62,1.0,-1,-1,-1
48,5218,1691.11,879.92,144.60,75.11,1.0,-1,-1,-1
48,5220,30.35,509.86,31.01,43.78,1.0,-1,-1,-1
48,5222,297.43,567.46,59.36,30.12,1.0,-1,-1,-1
49,5209,2224.28,1092.31,208.13,109.44,1.0,-1,-1,-1
49,5210,329.20,445.12,99.71,59.17,1.0,-1,-1,-1
49,5218,1722.31,887.95,142.84,73.48,1.0,-1,-1,-1
49,5220,35.30,511.32,34.24,45.83,1.0,-1,-1,-1
49,5213,-7.32,473.24,37.51,32.77,1.0,-1,-1,-1
50,5209,2264.57,1103.56,209.26,109.75,1.0,-1,-1,-1
50,5210,327.47,445.71,100.55,59.67,1.0,-1,-1,-1
50,5218,1754.99,896.72,143.99,73.45,1.0,-1,-1,-1
50,5220,41.04,513.79,36.56,46.57,1.0,-1,-1,-1
50,5217,217.44,566.81,64.19,38.78,1.0,-1,-1,-1
51,5209,2307.39,1114.76,211.56,110.45,1.0,-1,-1,-1
51,5210,327.02,445.93,98.95,58.54,1.0,-1,-1,-1
51,5218,1785.43,902.43,149.68,76.05,1.0,-1,-1,-1
51,5220,46.99,516.63,38.14,46.19,1.0,-1,-1,-1
51,5222,321.49,573.88,61.03,30.91,1.0,-1,-1,-1
52,5209,2349.17,1122.00,221.56,115.86,1.0,-1,-1,-1
52,5210,326.15,446.01,99.48,58.78,1.0,-1,-1,-1
52,5218,1819.66,910.26,150.94,76.35,1.0,-1,-1,-1
52,5220,52.18,518.28,40.44,46.71,1.0,-1,-1,-1
52,5222,329.64,575.22,65.36,33.16,1.0,-1,-1,-1
53,5209,2393.56,1133.54,222.44,115.97,1.0,-1,-1,-1
53,5218,1855.52,918.91,148.36,74.46,1.0,-1,-1,-1
53,5220,57.40,520.14,42.96,47.57,1.0,-1,-1,-1
53,5222,339.57,577.66,63.05,31.93,1.0,-1,-1,-1
54,5209,2437.75,1142.90,233.49,121.77,1.0,-1,-1,-1
54,5218,1887.46,925.25,157.36,79.00,1.0,-1,-1,-1
54,5220,64.57,522.08,44.34,47.24,1.0,-1,-1,-1
54,5210,325.71,446.03,99.83,58.92,1.0,-1,-1,-1
55,5209,2483.21,1154.60,235.68,123.30,1.0,-1,-1,-1
55,5218,1919.12,932.65,161.35,80.65,1.0,-1,-1,-1
55,5220,69.77,523.40,46.75,48.43,1.0,-1,-1,-1
55,5210,324.92,446.01,100.15,58.98,1.0,-1,-1,-1
55,5217,259.74,577.15,60.80,36.26,1.0,-1,-1,-1
56,5209,2520.11,1167.24,225.03,119.95,1.0,-1,-1,-1
56,5218,1956.18,941.76,163.03,81.26,1.0,-1,-1,-1
56,5220,76.58,525.14,47.40,47.56,1.0,-1,-1,-1
56,5210,323.42,446.01,101.32,59.67,1.0,-1,-1,-1
56,5217,268.38,579.12,61.26,36.01,1.0,-1,-1,-1
56,5222,369.49,585.67,58.86,29.45,1.0,-1,-1,-1
57,5209,2548.05,1180.93,221.98,123.13,1.0,-1,-1,-1
57,5218,1990.02,950.24,167.93,83.41,1.0,-1,-1,-1
57,5220,81.49,527.04,49.17,47.88,1.0,-1,-1,-1
57,5210,323.02,446.01,100.72,59.27,1.0,-1,-1,-1
57,5217,276.88,581.12,60.13,34.58,1.0,-1,-1,-1
58,5209,2574.35,1192.96,218.49,128.82,1.0,-1,-1,-1
58,5218,2030.37,959.10,167.47,82.90,1.0,-1,-1,-1
58,5220,87.71,529.66,51.20,48.65,1.0,-1,-1,-1
58,5210,322.81,446.00,100.52,59.11,1.0,-1,-1,-1
58,5217,281.21,582.43,64.05,36.78,1.0,-1,-1,-1
59,5218,2068.99,967.47,169.73,83.96,1.0,-1,-1,-1
59,5220,94.86,532.55,53.13,49.60,1.0,-1,-1,-1
59,5210,322.20,446.00,101.44,59.71,1.0,-1,-1,-1
59,5217,288.15,584.18,65.62,37.56,1.0,-1,-1,-1
60,5218,2107.74,975.63,172.47,84.99,1.0,-1,-1,-1
60,5220,100.66,534.24,54.47,49.95,1.0,-1,-1,-1
60,5210,322.36,446.00,101.63,59.93,1.0,-1,-1,-1
61,5218,2146.03,983.71,176.44,86.65,1.0,-1,-1,-1
61,5210,322.64,446.66,100.55,59.35,1.0,-1,-1,-1
62,5218,2184.64,991.75,185.66,91.14,1.0,-1,-1,-1
62,5210,322.38,446.25,100.18,59.13,1.0,-1,-1,-1
62,5220,114.00,537.35,55.33,50.05,1.0,-1,-1,-1
63,5218,2225.04,999.14,190.75,93.48,1.0,-1,-1,-1
63,5210,320.27,444.77,101.38,59.71,1.0,-1,-1,-1
63,5220,120.31,538.47,56.79,50.69,1.0,-1,-1,-1
64,5218,2267.27,1006.91,192.82,94.35,1.0,-1,-1,-1
64,5210,319.22,443.55,101.66,59.92,1.0,-1,-1,-1
64,5220,126.93,538.19,58.24,51.57,1.0,-1,-1,-1
65,5218,2312.98,1016.78,193.96,94.63,1.0,-1,-1,-1
65,5210,318.08,442.44,102.58,60.66,1.0,-1,-1,-1
65,5220,133.06,539.33,58.31,51.24,1.0,-1,-1,-1
65,5217,335.31,594.18,65.22,37.04,1.0,-1,-1,-1
66,5218,2361.25,1028.12,193.54,94.04,1.0,-1,-1,-1
66,5210,315.85,440.72,104.56,62.25,1.0,-1,-1,-1
66,5220,139.82,541.01,58.85,51.11,1.0,-1,-1,-1
67,5218,2404.48,1039.37,200.66,97.02,1.0,-1,-1,-1
67,5210,316.05,440.73,103.87,62.19,1.0,-1,-1,-1
67,5220,145.91,543.56,59.40,51.06,1.0,-1,-1,-1
68,5218,2450.98,1049.89,212.87,103.29,1.0,-1,-1,-1
68,5210,314.70,441.41,102.54,61.50,1.0,-1,-1,-1
68,5220,152.05,545.78,60.02,51.04,1.0,-1,-1,-1
69,5218,2501.05,1063.94,212.61,103.13,1.0,-1,-1,-1
69,5210,315.38,442.35,100.98,60.57,1.0,-1,-1,-1
69,5220,157.53,547.21,62.00,52.35,1.0,-1,-1,-1
69,5227,327.22,529.20,59.96,37.00,1.0,-1,-1,-1
70,5218,2539.86,1076.93,207.36,102.97,1.0,-1,-1,-1
70,5210,314.42,442.05,101.51,60.87,1.0,-1,-1,-1
70,5220,162.93,549.65,62.89,52.84,1.0,-1,-1,-1
70,5227,316.11,528.28,58.74,36.23,1.0,-1,-1,-1
71,5218,2561.23,1088.77,222.00,116.52,1.0,-1,-1,-1
71,5210,312.38,441.95,103.80,62.30,1.0,-1,-1,-1
71,5220,167.90,553.14,62.82,52.36,1.0,-1,-1,-1
71,5227,305.67,528.75,54.52,33.61,1.0,-1,-1,-1
72,5210,309.87,443.22,103.57,62.18,1.0,-1,-1,-1
72,5220,173.30,555.72,63.81,52.83,1.0,-1,-1,-1
73,5210,307.80,445.04,101.13,60.15,1.0,-1,-1,-1
73,5220,177.59,557.93,65.17,53.66,1.0,-1,-1,-1
74,5210,305.76,445.07,101.42,60.03,1.0,-1,-1,-1
74,5220,182.78,560.67,66.64,54.62,1.0,-1,-1,-1
75,5210,303.68,445.74,100.94,59.33,1.0,-1,-1,-1
75,5220,187.06,562.94,68.71,56.29,1.0,-1,-1,-1
75,5227,263.19,522.21,53.57,32.97,1.0,-1,-1,-1
76,5210,301.61,445.98,102.09,59.73,1.0,-1,-1,-1
76,5220,191.47,565.04,69.42,56.91,1.0,-1,-1,-1
77,5210,299.90,446.06,102.49,59.89,1.0,-1,-1,-1
77,5220,197.18,568.38,68.39,55.83,1.0,-1,-1,-1
78,5210,300.02,445.43,102.52,59.29,1.0,-1,-1,-1
79,5210,299.29,445.84,102.20,58.40,1.0,-1,-1,-1
79,5227,216.29,516.96,53.76,33.01,1.0,-1,-1,-1
79,5220,207.11,575.36,67.14,54.48,1.0,-1,-1,-1
80,5227,203.93,516.58,52.89,32.30,1.0,-1,-1,-1
80,5220,210.17,578.01,67.73,54.78,1.0,-1,-1,-1
81,5227,189.01,515.79,52.75,32.07,1.0,-1,-1,-1
81,5220,211.09,580.23,69.45,56.21,1.0,-1,-1,-1
82,5227,170.69,514.87,53.12,31.99,1.0,-1,-1,-1
82,5220,210.18,583.60,70.37,56.75,1.0,-1,-1,-1
82,5210,276.20,443.46,111.10,63.97,1.0,-1,-1,-1
85,5210,213.64,451.46,111.42,64.09,1.0,-1,-1,-1
86,5210,183.15,455.49,113.22,65.38,1.0,-1,-1,-1
87,5210,154.06,457.52,115.15,67.13,1.0,-1,-1,-1
87,5232,119.00,618.80,78.99,61.00,1.0,-1,-1,-1
88,5210,127.73,459.56,116.59,68.43,1.0,-1,-1,-1
88,5232,103.83,623.58,80.04,61.77,1.0,-1,-1,-1
89,5210,110.03,460.30,116.84,68.93,1.0,-1,-1,-1
89,5232,95.52,628.27,81.45,62.80,1.0,-1,-1,-1
90,5210,102.54,461.84,116.00,68.45,1.0,-1,-1,-1
90,5232,99.47,633.34,79.15,60.88,1.0,-1,-1,-1
91,5210,99.29,462.38,114.91,67.60,1.0,-1,-1,-1
91,5232,109.89,637.76,72.12,55.08,1.0,-1,-1,-1
92,5210,98.01,461.87,115.61,67.92,1.0,-1,-1,-1
92,5232,119.07,641.17,70.94,53.88,1.0,-1,-1,-1
93,5210,95.90,461.65,117.93,69.35,1.0,-1,-1,-1
93,5232,129.69,642.84,66.59,49.97,1.0,-1,-1,-1
94,5210,93.87,461.53,117.99,69.23,1.0,-1,-1,-1
94,5232,141.10,645.33,60.32,44.38,1.0,-1,-1,-1
95,5210,91.56,461.45,119.94,70.49,1.0,-1,-1,-1
95,5232,153.68,648.14,52.90,37.49,1.0,-1,-1,-1
96,5210,90.46,460.74,120.36,70.95,1.0,-1,-1,-1
96,5232,165.12,652.59,48.03,32.47,1.0,-1,-1,-1
97,5210,91.32,461.10,119.25,70.46,1.0,-1,-1,-1
97,5232,173.47,657.54,49.06,32.00,1.0,-1,-1,-1
98,5210,91.17,461.21,119.72,70.92,1.0,-1,-1,-1
98,5232,180.10,660.35,47.22,29.71,1.0,-1,-1,-1
99,5210,91.25,461.24,119.42,71.08,1.0,-1,-1,-1
100,5210,90.71,461.23,118.24,70.47,1.0,-1,-1,-1
101,5210,89.64,460.55,118.64,70.89,1.0,-1,-1,-1
102,5210,89.20,460.94,117.87,70.38,1.0,-1,-1,-1
103,5210,88.54,461.74,117.61,70.18,1.0,-1,-1,-1
104,5210,87.48,462.69,117.44,70.10,1.0,-1,-1,-1
105,5210,85.62,461.71,119.25,71.38,1.0,-1,-1,-1
106,5210,84.56,461.99,118.90,71.21,1.0,-1,-1,-1
107,5210,83.46,462.74,117.78,70.47,1.0,-1,-1,-1
108,5210,82.19,461.69,119.29,71.51,1.0,-1,-1,-1
109,5210,81.49,461.95,117.86,70.58,1.0,-1,-1,-1
110,5210,80.17,461.38,118.31,70.88,1.0,-1,-1,-1
111,5210,80.81,461.82,117.69,70.33,1.0,-1,-1,-1
112,5210,81.45,461.98,117.51,70.12,1.0,-1,-1,-1
113,5210,81.63,462.04,116.40,69.37,1.0,-1,-1,-1
114,5210,80.87,462.05,117.10,69.76,1.0,-1,-1,-1
115,5210,78.35,460.73,119.29,71.23,1.0,-1,-1,-1
116,5210,76.87,459.58,120.63,72.44,1.0,-1,-1,-1
117,5210,77.29,459.80,118.61,71.58,1.0,-1,-1,-1
118,5210,75.13,459.89,118.64,71.90,1.0,-1,-1,-1
119,5210,67.07,459.93,118.08,72.02,1.0,-1,-1,-1
128,5235,1322.21,924.80,144.99,77.20,1.0,-1,-1,-1
128,5236,440.00,601.60,69.00,29.00,1.0,-1,-1,-1
129,5235,1348.81,934.07,146.22,77.81,1.0,-1,-1,-1
130,5235,1383.10,942.68,148.10,78.79,1.0,-1,-1,-1
131,5235,1418.74,951.85,147.51,78.35,1.0,-1,-1,-1
131,5236,436.40,602.93,73.36,30.89,1.0,-1,-1,-1
132,5235,1452.71,959.64,147.76,78.17,1.0,-1,-1,-1
132,5236,435.34,603.08,73.71,31.11,1.0,-1,-1,-1
133,5235,1486.78,966.21,152.03,80.21,1.0,-1,-1,-1
133,5236,435.84,603.81,72.13,30.47,1.0,-1,-1,-1
134,5235,1522.32,973.06,153.70,80.92,1.0,-1,-1,-1
134,5236,434.72,602.68,72.85,30.91,1.0,-1,-1,-1
135,5235,1560.98,982.03,151.32,79.12,1.0,-1,-1,-1
135,5236,434.45,602.26,72.87,31.06,1.0,-1,-1,-1
136,5235,1597.78,991.14,152.11,79.10,1.0,-1,-1,-1
136,5236,433.75,602.10,72.78,31.10,1.0,-1,-1,-1
137,5235,1631.19,1000.91,155.12,80.43,1.0,-1,-1,-1
137,5236,435.44,603.37,68.20,29.09,1.0,-1,-1,-1
138,5235,1665.87,1008.92,154.55,79.59,1.0,-1,-1,-1
138,5236,427.68,601.80,68.22,29.00,1.0,-1,-1,-1
139,5235,1695.98,1018.26,158.06,80.59,1.0,-1,-1,-1
139,5236,422.68,603.26,66.74,28.30,1.0,-1,-1,-1
140,5235,1728.30,1023.46,164.56,83.61,1.0,-1,-1,-1
141,5235,1760.62,1030.40,171.11,86.69,1.0,-1,-1,-1
142,5235,1795.09,1037.36,174.72,88.50,1.0,-1,-1,-1
143,5235,1831.00,1046.27,175.31,88.52,1.0,-1,-1,-1
144,5235,1867.91,1052.68,181.03,91.10,1.0,-1,-1,-1
145,5235,1904.35,1062.67,184.41,92.71,1.0,-1,-1,-1
145,5236,378.80,603.04,64.62,27.07,1.0,-1,-1,-1
146,5235,1942.51,1070.82,189.00,95.24,1.0,-1,-1,-1
146,5236,371.64,603.01,70.82,29.81,1.0,-1,-1,-1
147,5235,1989.77,1081.46,187.42,94.24,1.0,-1,-1,-1
147,5238,1019.57,512.00,182.47,91.20,1.0,-1,-1,-1
148,5235,2034.19,1090.51,189.97,95.09,1.0,-1,-1,-1
148,5238,1011.95,511.23,185.64,92.59,1.0,-1,-1,-1
148,5239,2612.80,993.60,91.40,84.00,1.0,-1,-1,-1
148,5236,366.71,602.26,72.92,30.77,1.0,-1,-1,-1
149,5235,2081.93,1100.86,192.72,96.69,1.0,-1,-1,-1
149,5238,994.40,514.83,186.59,93.05,1.0,-1,-1,-1
149,5239,2595.55,990.05,91.98,83.23,1.0,-1,-1,-1
149,5236,364.63,602.09,74.59,31.62,1.0,-1,-1,-1
150,5235,2133.01,1111.70,193.93,97.27,1.0,-1,-1,-1
150,5238,986.71,518.99,183.97,91.67,1.0,-1,-1,-1
150,5239,2560.01,985.74,93.11,82.19,1.0,-1,-1,-1
150,5236,364.02,602.03,75.03,31.92,1.0,-1,-1,-1
151,5235,2179.98,1120.78,206.09,103.98,1.0,-1,-1,-1
151,5238,972.06,518.11,192.30,95.54,1.0,-1,-1,-1
151,5239,2520.18,980.74,96.30,82.65,1.0,-1,-1,-1
151,5236,364.27,602.66,73.88,31.38,1.0,-1,-1,-1
151,5240,1213.23,944.80,144.94,94.00,1.0,-1,-1,-1
152,5235,2228.59,1132.37,207.64,104.57,1.0,-1,-1,-1
152,5238,958.37,519.84,196.50,97.54,1.0,-1,-1,-1
152,5239,2479.32,977.09,96.54,79.92,1.0,-1,-1,-1
152,5236,364.23,602.90,73.37,31.16,1.0,-1,-1,-1
152,5240,1239.67,951.20,146.43,94.78,1.0,-1,-1,-1
153,5235,2284.81,1145.01,205.90,103.44,1.0,-1,-1,-1
153,5238,945.98,521.77,192.55,95.49,1.0,-1,-1,-1
153,5239,2439.36,972.45,96.22,76.85,1.0,-1,-1,-1
153,5236,364.89,603.65,73.38,31.08,1.0,-1,-1,-1
153,5240,1270.08,956.39,150.74,97.37,1.0,-1,-1,-1
153,5241,974.72,924.80,168.36,114.80,1.0,-1,-1,-1
154,5235,2338.36,1156.73,212.80,106.86,1.0,-1,-1,-1
154,5238,932.57,522.41,193.98,96.03,1.0,-1,-1,-1
154,5239,2398.07,969.63,98.25,75.14,1.0,-1,-1,-1
154,5236,364.64,603.93,74.60,31.70,1.0,-1,-1,-1
154,5240,1301.17,963.79,151.29,97.42,1.0,-1,-1,-1
154,5241,1003.25,930.40,169.78,115.73,1.0,-1,-1,-1
155,5235,2389.68,1167.40,221.55,111.34,1.0,-1,-1,-1
155,5238,920.70,521.91,199.85,98.90,1.0,-1,-1,-1
155,5239,2361.08,964.62,99.69,73.21,1.0,-1,-1,-1
155,5236,364.97,604.03,73.71,31.28,1.0,-1,-1,-1
155,5240,1328.88,968.21,157.15,100.97,1.0,-1,-1,-1
155,5241,1033.55,937.68,175.78,119.93,1.0,-1,-1,-1
156,5235,2446.21,1179.59,228.58,114.96,1.0,-1,-1,-1
156,5239,2323.80,962.34,99.68,69.82,1.0,-1,-1,-1
156,5236,365.18,604.06,73.41,31.11,1.0,-1,-1,-1
156,5240,1362.55,978.55,156.18,100.08,1.0,-1,-1,-1
156,5241,1064.99,945.73,179.61,122.70,1.0,-1,-1,-1
157,5235,2494.94,1190.46,230.33,116.96,1.0,-1,-1,-1
157,5239,2287.19,958.23,103.23,69.40,1.0,-1,-1,-1
157,5236,364.66,604.73,74.67,31.71,1.0,-1,-1,-1
157,5240,1393.63,985.53,161.00,103.11,1.0,-1,-1,-1
157,5241,1098.44,952.51,181.55,124.26,1.0,-1,-1,-1
157,5238,898.28,522.55,204.88,100.75,1.0,-1,-1,-1
158,5235,2533.79,1201.45,227.39,119.61,1.0,-1,-1,-1
158,5239,2248.72,950.06,112.28,73.44,1.0,-1,-1,-1
158,5236,363.14,604.97,76.57,32.59,1.0,-1,-1,-1
158,5240,1426.07,993.22,161.51,102.83,1.0,-1,-1,-1
158,5241,1129.70,957.41,187.51,128.87,1.0,-1,-1,-1
158,5238,883.92,526.67,204.93,100.95,1.0,-1,-1,-1
159,5235,2578.96,1213.77,208.11,116.07,1.0,-1,-1,-1
159,5239,2213.63,945.24,114.52,72.90,1.0,-1,-1,-1
159,5236,362.76,605.06,77.00,32.92,1.0,-1,-1,-1
159,5240,1461.25,1001.88,160.76,101.97,1.0,-1,-1,-1
159,5241,1159.96,966.40,190.25,131.13,1.0,-1,-1,-1
160,5239,2177.57,940.95,117.33,72.73,1.0,-1,-1,-1
160,5236,365.11,605.09,76.88,33.04,1.0,-1,-1,-1
160,5240,1498.06,1012.88,156.21,98.25,1.0,-1,-1,-1
160,5241,1195.24,974.21,191.74,132.54,1.0,-1,-1,-1
161,5239,2143.46,935.52,121.78,74.04,1.0,-1,-1,-1
161,5236,365.06,605.09,78.19,33.73,1.0,-1,-1,-1
161,5240,1533.47,1020.04,160.32,100.19,1.0,-1,-1,-1
161,5241,1232.24,982.22,191.00,132.30,1.0,-1,-1,-1
162,5239,2111.17,931.00,121.91,72.55,1.0,-1,-1,-1
162,5236,365.90,605.74,78.33,33.99,1.0,-1,-1,-1
162,5240,1569.23,1029.09,165.46,102.88,1.0,-1,-1,-1
162,5241,1267.34,988.96,196.48,136.76,1.0,-1,-1,-1
162,5238,842.71,532.16,205.03,101.01,1.0,-1,-1,-1
163,5239,2079.32,927.50,120.30,70.00,1.0,-1,-1,-1
163,5236,367.05,605.98,79.40,34.73,1.0,-1,-1,-1
163,5240,1604.26,1034.88,170.80,105.85,1.0,-1,-1,-1
163,5241,1302.84,997.83,199.14,139.02,1.0,-1,-1,-1
164,5239,2045.76,923.03,121.07,69.07,1.0,-1,-1,-1
164,5236,367.87,606.07,77.80,34.36,1.0,-1,-1,-1
164,5240,1641.56,1044.67,172.37,106.30,1.0,-1,-1,-1
164,5241,1343.30,1007.54,199.03,139.15,1.0,-1,-1,-1
164,5242,496.04,453.80,109.91,42.20,1.0,-1,-1,-1
164,5238,813.61,540.62,206.51,101.00,1.0,-1,-1,-1
165,5239,2013.97,917.53,123.26,69.44,1.0,-1,-1,-1
165,5236,368.95,606.75,75.68,33.54,1.0,-1,-1,-1
165,5240,1678.65,1051.42,180.62,111.03,1.0,-1,-1,-1
165,5241,1378.95,1016.24,203.44,142.38,1.0,-1,-1,-1
165,5242,489.85,457.06,107.57,41.27,1.0,-1,-1,-1
165,5238,800.16,543.60,213.41,103.71,1.0,-1,-1,-1
166,5239,1983.17,913.00,121.93,67.60,1.0,-1,-1,-1
166,5236,369.19,606.34,75.91,33.89,1.0,-1,-1,-1
166,5240,1717.01,1058.96,186.40,114.73,1.0,-1,-1,-1
166,5241,1415.66,1024.53,208.80,146.80,1.0,-1,-1,-1
166,5238,782.64,545.28,221.90,107.28,1.0,-1,-1,-1
167,5239,1951.39,908.82,123.36,67.61,1.0,-1,-1,-1
167,5236,371.76,606.18,74.34,33.35,1.0,-1,-1,-1
167,5240,1760.05,1068.74,184.29,112.89,1.0,-1,-1,-1
167,5241,1457.48,1033.95,208.96,147.14,1.0,-1,-1,-1
168,5239,1920.24,902.77,125.06,67.64,1.0,-1,-1,-1
168,5236,370.87,606.77,73.53,33.14,1.0,-1,-1,-1
168,5240,1802.11,1078.78,185.52,112.74,1.0,-1,-1,-1
168,5241,1501.66,1045.14,207.81,145.86,1.0,-1,-1,-1
168,5238,750.80,547.67,227.16,109.53,1.0,-1,-1,-1
169,5239,1887.44,897.36,128.66,69.01,1.0,-1,-1,-1
169,5236,369.69,606.99,72.94,33.06,1.0,-1,-1,-1
169,5240,1842.81,1085.59,194.97,118.54,1.0,-1,-1,-1
169,5241,1540.49,1051.76,217.91,153.15,1.0,-1,-1,-1
169,5238,738.77,549.98,228.68,109.90,1.0,-1,-1,-1
170,5239,1857.07,893.52,129.47,68.88,1.0,-1,-1,-1
170,5236,366.99,607.06,72.61,33.03,1.0,-1,-1,-1
170,5240,1886.83,1095.08,195.60,118.77,1.0,-1,-1,-1
170,5241,1581.41,1063.74,220.39,153.92,1.0,-1,-1,-1
170,5238,725.28,552.08,228.25,109.37,1.0,-1,-1,-1
171,5239,1826.13,887.63,128.92,68.18,1.0,-1,-1,-1
171,5236,364.08,607.74,72.33,33.02,1.0,-1,-1,-1
171,5240,1928.58,1101.72,202.96,123.34,1.0,-1,-1,-1
171,5241,1628.72,1073.32,222.08,155.41,1.0,-1,-1,-1
171,5238,705.25,551.48,238.39,114.43,1.0,-1,-1,-1
172,5239,1797.06,881.61,125.64,65.93,1.0,-1,-1,-1
172,5236,362.79,608.65,72.01,33.01,1.0,-1,-1,-1
172,5240,1975.50,1112.43,202.36,122.47,1.0,-1,-1,-1
172,5241,1673.76,1081.92,224.95,157.86,1.0,-1,-1,-1
172,5238,691.99,554.44,236.15,113.73,1.0,-1,-1,-1
173,5239,1768.66,877.57,124.12,64.44,1.0,-1,-1,-1
173,5236,361.38,609.65,71.81,33.01,1.0,-1,-1,-1
173,5240,2020.70,1118.89,210.36,127.26,1.0,-1,-1,-1
173,5241,1720.13,1090.14,229.62,161.32,1.0,-1,-1,-1
173,5238,676.50,556.83,234.07,112.11,1.0,-1,-1,-1
174,5239,1740.00,872.24,124.21,63.91,1.0,-1,-1,-1
174,5236,363.53,610.67,70.41,32.35,1.0,-1,-1,-1
174,5240,2072.14,1127.59,211.18,127.75,1.0,-1,-1,-1
174,5241,1768.71,1100.15,232.15,163.23,1.0,-1,-1,-1
174,5238,661.53,557.65,243.23,116.75,1.0,-1,-1,-1
175,5239,1712.86,867.78,122.29,62.41,1.0,-1,-1,-1
175,5236,363.05,609.71,72.57,33.43,1.0,-1,-1,-1
175,5240,2123.99,1138.47,208.47,125.26,1.0,-1,-1,-1
175,5241,1818.84,1109.56,235.75,165.83,1.0,-1,-1,-1
175,5238,648.94,559.21,242.39,116.52,1.0,-1,-1,-1
176,5239,1682.67,860.29,126.87,64.58,1.0,-1,-1,-1
176,5236,362.98,608.69,74.48,34.48,1.0,-1,-1,-1
176,5240,2176.11,1149.56,211.27,126.19,1.0,-1,-1,-1
176,5241,1868.65,1118.73,238.87,168.70,1.0,-1,-1,-1
176,5238,629.31,559.73,251.69,121.64,1.0,-1,-1,-1
177,5239,1655.23,854.38,127.27,64.71,1.0,-1,-1,-1
177,5236,363.40,608.30,73.71,34.23,1.0,-1,-1,-1
177,5240,2228.04,1158.05,213.78,127.16,1.0,-1,-1,-1
177,5241,1915.67,1127.81,245.11,173.62,1.0,-1,-1,-1
177,5238,613.46,561.18,253.32,122.26,1.0,-1,-1,-1
178,5239,1626.93,849.71,127.99,64.78,1.0,-1,-1,-1
178,5236,363.66,607.48,73.27,34.12,1.0,-1,-1,-1
178,5240,2275.46,1164.91,230.32,137.94,1.0,-1,-1,-1
178,5241,1968.80,1136.85,245.18,174.15,1.0,-1,-1,-1
178,5238,596.33,563.62,253.45,122.46,1.0,-1,-1,-1
179,5239,1598.82,845.50,128.41,64.82,1.0,-1,-1,-1
179,5236,363.59,607.16,74.10,34.74,1.0,-1,-1,-1
179,5240,2328.69,1176.93,230.75,137.52,1.0,-1,-1,-1
179,5241,2020.91,1145.87,249.15,176.85,1.0,-1,-1,-1
179,5238,580.94,567.76,251.20,120.53,1.0,-1,-1,-1
180,5236,364.16,605.08,71.95,33.66,1.0,-1,-1,-1
180,5240,2385.35,1184.59,229.82,135.93,1.0,-1,-1,-1
180,5241,2073.91,1151.64,251.81,178.46,1.0,-1,-1,-1
180,5238,561.59,569.28,250.07,119.75,1.0,-1,-1,-1
181,5236,365.63,596.95,69.96,32.56,1.0,-1,-1,-1
181,5240,2439.92,1188.50,232.95,136.54,1.0,-1,-1,-1
181,5241,2130.81,1159.40,250.77,177.04,1.0,-1,-1,-1
181,5238,539.72,559.88,261.35,124.71,1.0,-1,-1,-1
182,5240,2485.96,1189.05,238.51,140.64,1.0,-1,-1,-1
182,5241,2179.53,1160.08,257.91,181.63,1.0,-1,-1,-1
182,5238,521.00,551.80,264.60,125.90,1.0,-1,-1,-1
183,5240,2520.49,1189.69,240.17,146.03,1.0,-1,-1,-1
183,5241,2233.04,1161.42,264.41,185.91,1.0,-1,-1,-1
183,5236,366.12,577.65,67.84,31.31,1.0,-1,-1,-1
184,5240,2556.09,1192.94,229.46,146.78,1.0,-1,-1,-1
184,5241,2290.09,1163.62,266.03,186.19,1.0,-1,-1,-1
184,5236,369.93,567.31,63.48,28.99,1.0,-1,-1,-1
184,5238,478.96,537.32,268.19,127.75,1.0,-1,-1,-1
185,5241,2346.50,1167.45,271.83,190.11,1.0,-1,-1,-1
185,5236,367.34,556.93,64.97,29.57,1.0,-1,-1,-1
185,5238,458.48,531.39,272.41,129.96,1.0,-1,-1,-1
186,5241,2408.91,1175.84,275.51,192.18,1.0,-1,-1,-1
187,5241,2455.55,1184.06,280.87,198.75,1.0,-1,-1,-1
187,5238,418.79,528.87,274.94,130.83,1.0,-1,-1,-1
188,5241,2496.93,1191.54,273.60,199.90,1.0,-1,-1,-1
188,5238,395.42,529.18,280.76,132.98,1.0,-1,-1,-1
189,5241,2534.27,1203.95,262.51,202.19,1.0,-1,-1,-1
189,5238,370.41,529.31,291.03,137.67,1.0,-1,-1,-1
190,5241,2595.16,1220.18,202.67,166.59,1.0,-1,-1,-1
190,5238,350.46,530.68,296.08,139.43,1.0,-1,-1,-1
191,5238,321.00,532.56,305.07,144.00,1.0,-1,-1,-1
192,5238,296.25,535.23,307.42,145.07,1.0,-1,-1,-1
203,5238,0.05,564.23,359.75,170.28,1.0,-1,-1,-1
204,5244,358.84,548.20,72.91,29.80,1.0,-1,-1,-1
205,5244,358.96,548.81,71.46,29.19,1.0,-1,-1,-1
206,5244,357.27,549.02,72.85,29.76,1.0,-1,-1,-1
206,5245,1200.83,902.60,159.13,80.60,1.0,-1,-1,-1
207,5244,353.89,549.07,76.80,31.44,1.0,-1,-1,-1
207,5245,1233.42,912.86,155.38,78.61,1.0,-1,-1,-1
207,5246,960.80,890.40,157.40,82.20,1.0,-1,-1,-1
208,5245,1271.83,920.27,154.35,77.93,1.0,-1,-1,-1
208,5246,991.55,898.60,155.44,81.27,1.0,-1,-1,-1
209,5245,1304.61,926.01,165.98,83.83,1.0,-1,-1,-1
209,5246,1024.64,906.01,155.99,81.75,1.0,-1,-1,-1
210,5245,1340.45,934.03,169.86,85.73,1.0,-1,-1,-1
210,5246,1059.12,914.82,153.16,80.42,1.0,-1,-1,-1
211,5245,1378.62,943.55,171.19,86.35,1.0,-1,-1,-1
211,5246,1088.19,919.58,160.18,84.38,1.0,-1,-1,-1
212,5245,1418.71,952.87,171.77,86.51,1.0,-1,-1,-1
212,5246,1121.54,928.63,159.57,84.32,1.0,-1,-1,-1
212,5244,356.63,550.06,71.26,29.17,1.0,-1,-1,-1
213,5245,1455.82,960.74,173.84,87.19,1.0,-1,-1,-1
213,5246,1154.57,936.44,160.24,84.94,1.0,-1,-1,-1
213,5244,355.87,550.11,72.24,29.68,1.0,-1,-1,-1
214,5245,1494.66,969.38,175.97,88.07,1.0,-1,-1,-1
214,5246,1189.03,945.11,156.61,83.11,1.0,-1,-1,-1
214,5244,355.44,550.13,72.25,29.82,1.0,-1,-1,-1
215,5245,1536.08,979.64,176.19,87.69,1.0,-1,-1,-1
215,5246,1218.65,952.06,161.50,85.81,1.0,-1,-1,-1
216,5245,1577.57,989.19,182.82,90.83,1.0,-1,-1,-1
216,5246,1253.30,959.04,164.98,88.11,1.0,-1,-1,-1
217,5245,1617.92,999.07,185.91,91.98,1.0,-1,-1,-1
217,5246,1290.05,967.35,164.89,88.30,1.0,-1,-1,-1
217,5247,436.42,422.00,48.16,24.60,1.0,-1,-1,-1
218,5245,1658.73,1008.45,191.26,94.34,1.0,-1,-1,-1
218,5246,1326.38,975.51,166.56,89.66,1.0,-1,-1,-1
218,5247,433.44,422.00,48.85,24.90,1.0,-1,-1,-1
218,5248,2555.43,875.80,152.14,83.60,1.0,-1,-1,-1
218,5244,354.83,550.09,70.39,29.07,1.0,-1,-1,-1
219,5245,1701.21,1016.96,197.59,97.16,1.0,-1,-1,-1
219,5246,1361.00,982.94,173.13,93.44,1.0,-1,-1,-1
219,5247,428.43,422.77,47.82,24.24,1.0,-1,-1,-1
219,5248,2530.26,874.42,151.93,83.14,1.0,-1,-1,-1
219,5244,353.81,550.05,70.10,29.00,1.0,-1,-1,-1
220,5245,1746.87,1027.09,202.40,99.50,1.0,-1,-1,-1
220,5246,1397.30,992.04,175.48,94.84,1.0,-1,-1,-1
220,5247,424.92,423.77,47.66,24.02,1.0,-1,-1,-1
220,5248,2504.86,871.62,148.21,80.65,1.0,-1,-1,-1
220,5244,354.57,550.71,68.47,28.31,1.0,-1,-1,-1
221,5245,1790.86,1036.55,207.88,102.30,1.0,-1,-1,-1
221,5246,1435.30,999.85,175.47,94.70,1.0,-1,-1,-1
221,5247,421.28,424.07,46.38,23.23,1.0,-1,-1,-1
221,5248,2475.08,870.03,143.80,77.61,1.0,-1,-1,-1
222,5245,1840.26,1047.03,213.02,104.63,1.0,-1,-1,-1
222,5246,1476.60,1009.76,176.49,95.24,1.0,-1,-1,-1
222,5247,418.72,424.15,46.08,22.97,1.0,-1,-1,-1
222,5248,2443.22,863.68,143.43,76.72,1.0,-1,-1,-1
222,5244,354.54,550.19,67.72,28.04,1.0,-1,-1,-1
223,5245,1886.57,1057.91,218.70,107.41,1.0,-1,-1,-1
223,5246,1516.26,1019.16,180.91,98.04,1.0,-1,-1,-1
223,5247,413.09,424.15,45.92,22.90,1.0,-1,-1,-1
223,5248,2412.13,859.54,137.91,72.91,1.0,-1,-1,-1
224,5245,1938.59,1069.57,220.34,108.44,1.0,-1,-1,-1
224,5246,1558.24,1029.64,183.88,99.72,1.0,-1,-1,-1
224,5247,405.02,424.83,47.28,23.58,1.0,-1,-1,-1
224,5248,2381.08,854.70,141.02,73.85,1.0,-1,-1,-1
224,5249,1529.65,743.20,186.29,92.20,1.0,-1,-1,-1
225,5245,1992.39,1082.20,217.50,106.18,1.0,-1,-1,-1
225,5246,1601.42,1039.90,185.72,100.97,1.0,-1,-1,-1
225,5247,400.60,425.74,46.35,23.15,1.0,-1,-1,-1
225,5248,2353.33,851.78,140.84,72.83,1.0,-1,-1,-1
225,5250,2625.68,1021.60,76.24,101.40,1.0,-1,-1,-1
226,5245,2041.49,1093.26,229.63,112.44,1.0,-1,-1,-1
226,5246,1643.97,1050.07,190.57,104.02,1.0,-1,-1,-1
226,5247,397.07,425.38,46.82,23.68,1.0,-1,-1,-1
226,5248,2322.08,848.14,143.23,73.22,1.0,-1,-1,-1
226,5250,2602.77,1014.26,77.24,100.33,1.0,-1,-1,-1
226,5244,353.35,550.01,71.76,29.79,1.0,-1,-1,-1
227,5245,2093.96,1104.30,237.62,116.66,1.0,-1,-1,-1
227,5246,1691.35,1062.76,188.19,102.56,1.0,-1,-1,-1
227,5247,390.99,424.57,48.19,24.54,1.0,-1,-1,-1
227,5248,2293.00,844.92,143.90,72.73,1.0,-1,-1,-1
227,5250,2570.87,1003.96,81.34,100.74,1.0,-1,-1,-1
227,5244,354.37,550.67,69.32,28.64,1.0,-1,-1,-1
228,5245,2150.75,1117.28,237.80,116.34,1.0,-1,-1,-1
228,5246,1736.63,1073.23,192.52,105.20,1.0,-1,-1,-1
228,5247,386.60,424.26,47.28,24.21,1.0,-1,-1,-1
228,5248,2265.23,842.54,141.50,70.56,1.0,-1,-1,-1
228,5250,2527.37,996.48,85.19,99.40,1.0,-1,-1,-1
228,5244,353.61,550.23,70.03,28.90,1.0,-1,-1,-1
229,5245,2207.17,1129.76,242.45,118.72,1.0,-1,-1,-1
229,5246,1784.43,1083.43,197.53,108.11,1.0,-1,-1,-1
229,5248,2236.34,839.78,140.53,69.13,1.0,-1,-1,-1
229,5250,2476.60,987.08,88.67,96.79,1.0,-1,-1,-1
230,5245,2266.52,1142.00,248.05,121.51,1.0,-1,-1,-1
230,5246,1831.36,1094.18,201.32,110.49,1.0,-1,-1,-1
230,5248,2208.95,835.52,141.03,68.66,1.0,-1,-1,-1
230,5250,2425.56,979.25,91.58,93.07,1.0,-1,-1,-1
230,5249,1391.66,721.31,204.37,101.86,1.0,-1,-1,-1
231,5245,2325.58,1154.79,254.25,124.47,1.0,-1,-1,-1
231,5246,1882.90,1105.80,202.51,111.36,1.0,-1,-1,-1
231,5248,2181.56,833.42,138.44,66.51,1.0,-1,-1,-1
231,5250,2376.41,970.55,97.35,92.56,1.0,-1,-1,-1
232,5245,2385.06,1167.14,262.15,128.77,1.0,-1,-1,-1
232,5246,1933.08,1117.09,207.73,114.24,1.0,-1,-1,-1
232,5248,2152.89,828.72,141.31,67.13,1.0,-1,-1,-1
232,5250,2328.50,963.68,98.10,86.88,1.0,-1,-1,-1
233,5245,2448.36,1181.24,263.24,129.10,1.0,-1,-1,-1
233,5246,1984.80,1128.90,212.03,116.59,1.0,-1,-1,-1
233,5248,2123.29,825.12,143.06,67.39,1.0,-1,-1,-1
233,5250,2280.38,955.35,102.18,84.92,1.0,-1,-1,-1
234,5245,2499.28,1194.11,248.81,124.59,1.0,-1,-1,-1
234,5246,2040.96,1140.25,214.81,118.09,1.0,-1,-1,-1
234,5248,2096.89,821.91,144.03,67.53,1.0,-1,-1,-1
234,5250,2233.04,946.53,109.16,85.73,1.0,-1,-1,-1
234,5244,352.88,550.95,66.46,27.14,1.0,-1,-1,-1
235,5245,2543.64,1208.47,235.71,123.39,1.0,-1,-1,-1
235,5246,2094.71,1153.37,218.75,119.91,1.0,-1,-1,-1
235,5248,2069.64,818.18,144.73,67.61,1.0,-1,-1,-1
235,5250,2188.01,939.59,115.17,86.07,1.0,-1,-1,-1
235,5244,351.64,551.01,67.91,27.70,1.0,-1,-1,-1
236,5246,2149.96,1165.21,225.27,123.80,1.0,-1,-1,-1
236,5248,2043.02,814.93,144.12,67.00,1.0,-1,-1,-1
236,5250,2142.84,931.97,120.70,86.27,1.0,-1,-1,-1
237,5246,2207.79,1178.49,232.43,127.82,1.0,-1,-1,-1
237,5248,2019.42,809.84,144.13,66.80,1.0,-1,-1,-1
237,5250,2101.86,924.77,122.34,83.70,1.0,-1,-1,-1
237,5251,2504.06,894.40,181.87,78.80,1.0,-1,-1,-1
238,5246,2267.59,1191.03,240.48,132.54,1.0,-1,-1,-1
238,5248,1995.07,806.75,139.40,64.08,1.0,-1,-1,-1
238,5250,2057.94,917.05,127.44,84.16,1.0,-1,-1,-1
238,5251,2476.23,893.32,182.22,78.95,1.0,-1,-1,-1
239,5246,2330.07,1205.20,245.57,135.60,1.0,-1,-1,-1
239,5248,1971.32,803.75,137.18,62.41,1.0,-1,-1,-1
239,5250,2017.64,911.15,129.81,83.03,1.0,-1,-1,-1
239,5251,2448.67,892.96,166.68,72.02,1.0,-1,-1,-1
239,5252,4.02,608.80,20.17,34.40,1.0,-1,-1,-1
239,5244,351.04,551.02,72.20,29.73,1.0,-1,-1,-1
240,5246,2391.54,1217.45,256.27,141.85,1.0,-1,-1,-1
240,5248,1946.96,799.42,138.20,62.51,1.0,-1,-1,-1
240,5250,1979.06,905.26,131.77,81.98,1.0,-1,-1,-1
240,5251,2416.93,888.18,169.05,73.00,1.0,-1,-1,-1
240,5252,9.40,609.74,21.75,36.43,1.0,-1,-1,-1
241,5246,2454.96,1231.48,260.85,144.86,1.0,-1,-1,-1
241,5248,1921.37,795.95,140.33,63.25,1.0,-1,-1,-1
241,5250,1939.26,898.02,133.87,80.96,1.0,-1,-1,-1
241,5251,2385.70,884.63,170.16,73.33,1.0,-1,-1,-1
241,5252,14.67,608.53,24.36,39.38,1.0,-1,-1,-1
242,5246,2509.77,1248.80,244.87,139.53,1.0,-1,-1,-1
242,5248,1898.77,792.80,137.30,61.55,1.0,-1,-1,-1
242,5250,1901.04,892.95,133.27,78.62,1.0,-1,-1,-1
242,5251,2359.50,880.68,164.43,70.67,1.0,-1,-1,-1
242,5252,19.05,609.52,25.45,38.89,1.0,-1,-1,-1
243,5246,2551.40,1263.59,238.24,143.17,1.0,-1,-1,-1
243,5248,1876.32,789.77,135.02,60.27,1.0,-1,-1,-1
243,5250,1861.47,885.32,136.92,79.16,1.0,-1,-1,-1
243,5251,2326.23,875.88,169.00,72.64,1.0,-1,-1,-1
243,5244,352.00,551.05,68.22,28.23,1.0,-1,-1,-1
244,5248,1853.17,785.43,134.46,59.83,1.0,-1,-1,-1
244,5250,1822.41,878.09,143.35,81.39,1.0,-1,-1,-1
244,5251,2299.05,870.89,170.75,73.34,1.0,-1,-1,-1
245,5248,1832.38,782.63,130.58,57.68,1.0,-1,-1,-1
245,5250,1786.94,869.69,144.59,80.92,1.0,-1,-1,-1
245,5251,2273.02,866.48,170.06,72.95,1.0,-1,-1,-1
246,5248,1809.18,779.05,130.75,57.60,1.0,-1,-1,-1
246,5250,1753.10,862.82,142.79,78.78,1.0,-1,-1,-1
246,5251,2245.12,862.98,168.28,72.16,1.0,-1,-1,-1
247,5248,1783.97,774.52,133.87,58.94,1.0,-1,-1,-1
247,5250,1719.14,857.90,140.57,75.99,1.0,-1,-1,-1
247,5251,2219.64,860.50,161.92,69.18,1.0,-1,-1,-1
247,5244,348.88,548.34,67.91,28.01,1.0,-1,-1,-1
248,5248,1764.21,772.96,127.70,55.48,1.0,-1,-1,-1
248,5250,1683.76,851.67,142.26,75.67,1.0,-1,-1,-1
248,5251,2191.92,856.35,162.86,69.47,1.0,-1,-1,-1
249,5248,1738.64,767.14,135.21,58.96,1.0,-1,-1,-1
249,5250,1649.53,844.28,144.59,76.26,1.0,-1,-1,-1
249,5251,2166.71,854.30,160.47,68.25,1.0,-1,-1,-1
249,5244,346.05,547.17,72.72,30.38,1.0,-1,-1,-1
250,5248,1716.49,763.16,137.62,60.17,1.0,-1,-1,-1
250,5250,1617.03,839.79,143.84,75.17,1.0,-1,-1,-1
250,5251,2139.56,853.02,159.91,67.83,1.0,-1,-1,-1
250,5244,344.36,546.29,74.67,31.53,1.0,-1,-1,-1
251,5248,1692.66,758.50,140.98,61.97,1.0,-1,-1,-1
251,5250,1583.02,833.73,146.31,76.14,1.0,-1,-1,-1
251,5251,2112.52,848.65,161.06,68.38,1.0,-1,-1,-1
252,5248,1671.09,754.24,144.02,63.96,1.0,-1,-1,-1
252,5250,1550.60,828.39,147.51,76.52,1.0,-1,-1,-1
252,5251,2088.60,845.15,158.65,67.27,1.0,-1,-1,-1
252,5244,346.81,546.70,69.87,29.66,1.0,-1,-1,-1
253,5248,1647.99,749.48,147.18,66.02,1.0,-1,-1,-1
253,5250,1517.72,823.98,145.07,74.69,1.0,-1,-1,-1
253,5251,2061.91,842.64,159.45,67.56,1.0,-1,-1,-1
254,5248,1625.77,745.19,148.71,67.45,1.0,-1,-1,-1
254,5250,1488.42,819.94,144.47,74.02,1.0,-1,-1,-1
254,5251,2035.92,840.49,159.97,67.68,1.0,-1,-1,-1
255,5248,1609.31,743.02,143.31,65.40,1.0,-1,-1,-1
255,5250,1460.36,816.67,143.25,73.13,1.0,-1,-1,-1
255,5251,2011.66,837.15,161.42,68.41,1.0,-1,-1,-1
255,5244,346.18,546.87,66.17,28.21,1.0,-1,-1,-1
256,5248,1590.19,739.73,141.84,65.23,1.0,-1,-1,-1
256,5250,1431.76,813.69,141.82,72.16,1.0,-1,-1,-1
256,5251,1990.02,836.67,155.91,66.05,1.0,-1,-1,-1
256,5244,344.62,549.00,64.46,27.33,1.0,-1,-1,-1
257,5248,1570.62,740.60,140.60,65.16,1.0,-1,-1,-1
257,5250,1404.85,811.47,139.14,70.48,1.0,-1,-1,-1
257,5251,1967.12,836.66,150.96,63.82,1.0,-1,-1,-1
258,5248,1552.46,741.06,134.30,62.49,1.0,-1,-1,-1
258,5250,1376.44,808.86,137.58,69.22,1.0,-1,-1,-1
258,5251,1940.88,834.74,153.96,65.06,1.0,-1,-1,-1
259,5251,1919.34,834.77,149.26,62.86,1.0,-1,-1,-1
260,5251,1892.72,831.54,152.76,64.08,1.0,-1,-1,-1
261,5251,1869.17,829.77,150.67,63.21,1.0,-1,-1,-1
261,5244,333.99,553.60,75.34,32.52,1.0,-1,-1,-1
262,5251,1845.09,826.52,151.19,63.57,1.0,-1,-1,-1
263,5251,1819.85,822.08,151.25,63.72,1.0,-1,-1,-1
264,5251,1797.62,819.18,145.56,61.13,1.0,-1,-1,-1
265,5251,1772.65,815.51,146.14,61.52,1.0,-1,-1,-1
