1,4453,0.00,452.00,69.00,73.00,1.0,-1,-1,-1
2,4453,-0.40,451.13,69.80,73.87,1.0,-1,-1,-1
3,4453,0.62,452.53,68.53,72.47,1.0,-1,-1,-1
4,4453,-0.13,452.23,69.51,73.54,1.0,-1,-1,-1
5,4453,-0.75,452.11,68.37,72.43,1.0,-1,-1,-1
6,4453,-1.24,452.06,68.54,72.77,1.0,-1,-1,-1
7,4453,-1.00,451.34,69.22,73.60,1.0,-1,-1,-1
8,4453,-0.91,451.08,68.10,72.52,1.0,-1,-1,-1
9,4453,-0.81,450.99,68.26,72.81,1.0,-1,-1,-1
10,4453,-0.77,449.61,66.98,71.57,1.0,-1,-1,-1
10,4454,1383.76,490.40,247.29,118.60,1.0,-1,-1,-1
11,4453,-1.58,449.78,67.49,72.46,1.0,-1,-1,-1
12,4453,-1.50,449.85,66.93,72.13,1.0,-1,-1,-1
13,4453,-2.78,449.22,68.69,74.68,1.0,-1,-1,-1
13,4454,1415.08,489.08,239.69,115.19,1.0,-1,-1,-1
14,4453,-2.27,449.65,67.39,73.65,1.0,-1,-1,-1
14,4454,1421.67,491.94,236.98,114.07,1.0,-1,-1,-1
15,4453,-2.24,450.49,66.60,73.25,1.0,-1,-1,-1
15,4454,1430.34,491.39,236.85,114.46,1.0,-1,-1,-1
16,4453,-2.11,450.81,66.07,73.09,1.0,-1,-1,-1
16,4454,1438.67,491.18,240.87,116.73,1.0,-1,-1,-1
17,4453,-1.39,450.93,65.23,72.37,1.0,-1,-1,-1
17,4454,1450.75,493.15,231.73,112.10,1.0,-1,-1,-1
18,4453,-1.32,450.32,65.34,72.76,1.0,-1,-1,-1
18,4454,1462.56,495.94,227.22,109.69,1.0,-1,-1,-1
19,4453,0.74,450.75,65.27,72.25,1.0,-1,-1,-1
19,4454,1478.89,495.55,217.19,104.76,1.0,-1,-1,-1
20,4453,5.40,448.26,66.15,71.39,1.0,-1,-1,-1
20,4454,1489.06,489.83,227.69,110.63,1.0,-1,-1,-1
21,4453,13.32,447.32,70.09,71.74,1.0,-1,-1,-1
21,4454,1509.78,486.52,227.93,111.35,1.0,-1,-1,-1
22,4453,23.54,447.65,73.51,69.89,1.0,-1,-1,-1
22,4454,1537.04,485.94,229.78,112.99,1.0,-1,-1,-1
23,4453,42.90,446.45,78.48,70.53,1.0,-1,-1,-1
23,4454,1565.92,486.40,225.41,111.63,1.0,-1,-1,-1
23,4455,1187.94,878.00,153.71,85.20,1.0,-1,-1,-1
24,4453,64.91,445.36,83.42,70.77,1.0,-1,-1,-1
24,4454,1591.22,485.95,227.86,113.78,1.0,-1,-1,-1
24,4455,1233.05,883.33,150.58,83.53,1.0,-1,-1,-1
25,4453,94.31,446.95,85.01,68.23,1.0,-1,-1,-1
25,4454,1624.82,486.46,222.92,111.95,1.0,-1,-1,-1
25,4455,1285.82,890.63,145.37,80.60,1.0,-1,-1,-1
26,4453,122.36,448.25,86.09,66.59,1.0,-1,-1,-1
26,4454,1660.17,488.01,213.74,107.26,1.0,-1,-1,-1
26,4455,1331.88,896.52,149.13,82.82,1.0,-1,-1,-1
27,4453,144.57,447.39,88.73,65.34,1.0,-1,-1,-1
27,4454,1693.82,486.59,208.26,104.15,1.0,-1,-1,-1
27,4455,1378.65,905.41,145.31,80.68,1.0,-1,-1,-1
27,4457,1076.95,572.80,162.30,75.80,1.0,-1,-1,-1
28,4453,173.18,446.40,90.19,64.90,1.0,-1,-1,-1
28,4454,1713.67,483.38,220.59,111.15,1.0,-1,-1,-1
28,4455,1422.93,913.21,149.14,82.81,1.0,-1,-1,-1
28,4457,1118.19,572.18,159.32,74.39,1.0,-1,-1,-1
29,4453,200.83,448.73,89.57,62.08,1.0,-1,-1,-1
29,4454,1745.91,482.89,217.96,109.75,1.0,-1,-1,-1
29,4455,1467.73,919.14,154.18,85.63,1.0,-1,-1,-1
30,4453,225.68,448.25,91.30,61.74,1.0,-1,-1,-1
30,4454,1779.61,481.41,215.59,108.53,1.0,-1,-1,-1
30,4455,1515.16,925.10,156.06,86.66,1.0,-1,-1,-1
30,4458,12.20,419.40,35.80,43.20,1.0,-1,-1,-1
30,4457,1200.90,567.42,156.55,73.07,1.0,-1,-1,-1
31,4453,252.02,447.41,92.98,62.32,1.0,-1,-1,-1
31,4454,1812.12,486.20,209.07,104.75,1.0,-1,-1,-1
31,4455,1563.23,935.10,154.80,85.69,1.0,-1,-1,-1
31,4458,22.26,416.84,37.32,43.80,1.0,-1,-1,-1
32,4453,278.35,447.10,92.39,61.23,1.0,-1,-1,-1
32,4454,1835.68,481.31,218.64,110.08,1.0,-1,-1,-1
32,4455,1608.85,943.95,158.97,88.00,1.0,-1,-1,-1
32,4458,38.36,411.35,41.85,47.07,1.0,-1,-1,-1
32,4461,15.85,495.00,37.30,30.80,1.0,-1,-1,-1
33,4453,304.75,446.32,92.94,60.17,1.0,-1,-1,-1
33,4454,1869.64,484.79,209.66,104.81,1.0,-1,-1,-1
33,4455,1656.76,952.96,161.87,89.50,1.0,-1,-1,-1
33,4458,67.60,411.74,43.57,46.70,1.0,-1,-1,-1
33,4461,36.82,493.41,35.90,29.37,1.0,-1,-1,-1
34,4453,324.67,445.36,95.33,61.16,1.0,-1,-1,-1
34,4454,1906.58,484.86,202.81,100.04,1.0,-1,-1,-1
34,4455,1704.03,962.04,163.36,90.05,1.0,-1,-1,-1
34,4458,94.19,411.38,45.67,46.46,1.0,-1,-1,-1
34,4461,59.21,491.31,35.73,28.94,1.0,-1,-1,-1
35,4453,338.57,445.68,94.36,59.55,1.0,-1,-1,-1
35,4454,1921.28,486.93,202.50,98.99,1.0,-1,-1,-1
35,4455,1742.47,971.14,164.96,90.89,1.0,-1,-1,-1
35,4458,108.42,411.35,47.69,46.33,1.0,-1,-1,-1
35,4461,65.10,487.68,37.77,30.39,1.0,-1,-1,-1
35,4466,105.01,531.40,57.98,40.00,1.0,-1,-1,-1
36,4453,343.02,445.82,94.81,58.96,1.0,-1,-1,-1
36,4454,1935.34,484.31,198.65,95.96,1.0,-1,-1,-1
36,4455,1774.11,978.27,170.24,93.82,1.0,-1,-1,-1
36,4458,111.47,410.72,50.87,46.95,1.0,-1,-1,-1
36,4461,61.01,486.60,38.69,30.85,1.0,-1,-1,-1
36,4466,111.97,533.40,57.94,40.00,1.0,-1,-1,-1
37,4453,342.32,445.21,96.20,59.44,1.0,-1,-1,-1
37,4455,1805.98,985.95,171.50,94.25,1.0,-1,-1,-1
37,4458,111.91,410.54,53.35,47.15,1.0,-1,-1,-1
37,4461,55.25,485.63,39.26,31.01,1.0,-1,-1,-1
37,4466,120.77,536.41,58.97,40.78,1.0,-1,-1,-1
37,4468,1400.23,811.00,109.74,63.20,1.0,-1,-1,-1
38,4453,341.47,445.66,96.06,58.98,1.0,-1,-1,-1
38,4455,1835.97,991.88,176.91,97.00,1.0,-1,-1,-1
38,4458,110.28,410.52,55.16,46.53,1.0,-1,-1,-1
38,4461,49.21,483.30,39.71,31.06,1.0,-1,-1,-1
38,4466,128.92,539.52,56.33,38.79,1.0,-1,-1,-1
38,4468,1422.81,814.87,112.41,64.59,1.0,-1,-1,-1
38,4454,1954.00,483.83,197.80,94.14,1.0,-1,-1,-1
39,4453,338.59,445.17,97.77,59.49,1.0,-1,-1,-1
39,4455,1867.34,1000.40,178.13,97.37,1.0,-1,-1,-1
39,4458,106.52,411.23,58.17,46.95,1.0,-1,-1,-1
39,4461,41.59,483.21,38.63,29.71,1.0,-1,-1,-1
39,4466,136.34,540.44,58.53,40.33,1.0,-1,-1,-1
39,4468,1448.67,821.55,113.59,65.06,1.0,-1,-1,-1
39,4454,1963.92,484.37,194.78,91.29,1.0,-1,-1,-1
40,4453,337.57,444.99,98.72,59.70,1.0,-1,-1,-1
40,4455,1898.71,1008.63,183.20,100.08,1.0,-1,-1,-1
40,4458,104.32,412.19,59.45,45.76,1.0,-1,-1,-1
40,4461,32.48,481.22,42.10,31.95,1.0,-1,-1,-1
40,4466,142.98,541.39,60.27,41.52,1.0,-1,-1,-1
40,4468,1474.25,826.56,118.17,67.40,1.0,-1,-1,-1
40,4454,1972.36,484.58,190.79,88.26,1.0,-1,-1,-1
40,4469,230.80,545.40,56.19,38.80,1.0,-1,-1,-1
40,4470,2.44,493.20,18.72,45.60,1.0,-1,-1,-1
41,4453,335.24,445.59,100.07,60.45,1.0,-1,-1,-1
41,4455,1930.74,1016.08,186.07,101.74,1.0,-1,-1,-1
41,4458,102.23,411.92,62.13,45.96,1.0,-1,-1,-1
41,4461,27.41,481.19,41.85,31.42,1.0,-1,-1,-1
41,4466,150.15,543.02,61.69,42.63,1.0,-1,-1,-1
41,4468,1498.31,831.61,122.56,69.57,1.0,-1,-1,-1
41,4469,239.88,548.16,54.26,37.42,1.0,-1,-1,-1
41,4470,5.08,496.10,19.08,45.90,1.0,-1,-1,-1
41,4457,1477.43,542.06,148.12,70.04,1.0,-1,-1,-1
42,4453,333.31,445.83,100.66,60.74,1.0,-1,-1,-1
42,4455,1961.22,1023.88,190.99,104.28,1.0,-1,-1,-1
42,4458,100.21,413.16,63.75,45.37,1.0,-1,-1,-1
42,4461,18.46,479.94,43.56,32.53,1.0,-1,-1,-1
42,4466,157.98,544.89,61.37,42.36,1.0,-1,-1,-1
42,4468,1525.56,838.05,123.49,69.60,1.0,-1,-1,-1
42,4470,7.56,497.09,19.91,46.78,1.0,-1,-1,-1
42,4457,1490.01,537.82,150.80,72.07,1.0,-1,-1,-1
42,4454,1985.05,481.44,192.55,88.70,1.0,-1,-1,-1
43,4453,331.81,445.92,101.04,60.86,1.0,-1,-1,-1
43,4455,1997.08,1033.76,190.66,103.93,1.0,-1,-1,-1
43,4458,98.21,413.65,64.90,44.47,1.0,-1,-1,-1
43,4461,10.96,478.20,46.73,34.91,1.0,-1,-1,-1
43,4466,164.72,546.86,63.08,43.58,1.0,-1,-1,-1
43,4468,1553.33,844.30,124.42,69.54,1.0,-1,-1,-1
43,4470,10.28,496.60,22.10,50.01,1.0,-1,-1,-1
43,4457,1510.75,537.77,145.89,70.70,1.0,-1,-1,-1
43,4454,1987.05,480.10,196.09,90.31,1.0,-1,-1,-1
43,4469,255.36,551.83,56.24,38.78,1.0,-1,-1,-1
44,4453,329.76,445.30,102.22,61.57,1.0,-1,-1,-1
44,4455,2032.86,1043.16,191.98,104.38,1.0,-1,-1,-1
44,4458,96.20,414.51,65.99,43.46,1.0,-1,-1,-1
44,4466,171.88,548.20,64.52,44.68,1.0,-1,-1,-1
44,4468,1580.50,852.48,125.36,69.47,1.0,-1,-1,-1
44,4470,11.93,492.92,26.11,56.64,1.0,-1,-1,-1
44,4469,261.99,554.50,58.83,40.54,1.0,-1,-1,-1
45,4453,326.22,445.06,103.80,62.50,1.0,-1,-1,-1
45,4455,2066.27,1051.05,199.31,108.44,1.0,-1,-1,-1
45,4458,93.81,414.84,68.56,43.76,1.0,-1,-1,-1
45,4466,178.84,551.27,65.25,45.08,1.0,-1,-1,-1
45,4468,1607.34,859.33,129.78,71.42,1.0,-1,-1,-1
45,4470,12.90,488.30,30.65,63.60,1.0,-1,-1,-1
45,4469,268.42,556.06,60.63,41.81,1.0,-1,-1,-1
45,4457,1540.78,531.50,147.57,72.48,1.0,-1,-1,-1
45,4454,1998.33,474.87,197.46,90.92,1.0,-1,-1,-1
46,4453,324.94,444.98,105.17,63.51,1.0,-1,-1,-1
46,4455,2102.22,1059.65,204.66,111.23,1.0,-1,-1,-1
46,4458,91.45,415.62,70.89,43.88,1.0,-1,-1,-1
46,4466,186.73,554.35,64.36,44.55,1.0,-1,-1,-1
46,4468,1635.98,865.66,134.14,73.44,1.0,-1,-1,-1
46,4470,14.92,489.64,33.47,65.67,1.0,-1,-1,-1
46,4469,274.92,557.91,60.55,41.57,1.0,-1,-1,-1
47,4453,325.49,444.95,105.23,63.89,1.0,-1,-1,-1
47,4455,2137.42,1067.89,215.92,118.08,1.0,-1,-1,-1
47,4458,89.26,415.25,72.76,43.93,1.0,-1,-1,-1
47,4466,193.90,556.12,64.98,44.99,1.0,-1,-1,-1
47,4468,1663.86,873.11,135.42,73.52,1.0,-1,-1,-1
47,4470,21.43,498.60,31.95,57.99,1.0,-1,-1,-1
48,4453,323.90,444.94,105.23,64.03,1.0,-1,-1,-1
48,4455,2176.11,1077.89,219.91,120.69,1.0,-1,-1,-1
48,4458,88.77,415.77,73.24,43.29,1.0,-1,-1,-1
48,4466,201.75,558.68,64.29,44.48,1.0,-1,-1,-1
48,4468,1692.72,881.00,137.62,74.16,1.0,-1,-1,-1
48,4470,29.46,504.46,31.72,53.12,1.0,-1,-1,-1
48,4469,293.39,562.73,59.08,40.47,1.0,-1,-1,-1
49,4453,324.04,444.95,104.08,63.42,1.0,-1,-1,-1
49,4455,2215.62,1088.61,222.22,122.28,1.0,-1,-1,-1
49,4458,86.17,416.63,74.70,43.05,1.0,-1,-1,-1
49,4466,209.32,560.90,64.85,44.93,1.0,-1,-1,-1
49,4468,1722.38,887.72,142.49,76.34,1.0,-1,-1,-1
49,4470,36.24,509.29,31.77,49.24,1.0,-1,-1,-1
49,4472,1377.44,433.00,84.31,39.20,1.0,-1,-1,-1
49,4469,302.72,565.68,58.92,40.07,1.0,-1,-1,-1
50,4453,322.87,445.61,104.48,63.84,1.0,-1,-1,-1
50,4455,2258.02,1098.96,222.58,122.83,1.0,-1,-1,-1
50,4458,82.23,416.95,77.69,43.63,1.0,-1,-1,-1
50,4466,217.58,563.64,64.90,45.09,1.0,-1,-1,-1
50,4468,1752.67,895.94,146.96,78.44,1.0,-1,-1,-1
50,4470,41.06,513.03,34.24,49.18,1.0,-1,-1,-1
50,4472,1374.44,432.22,83.96,39.04,1.0,-1,-1,-1
50,4469,312.96,569.35,57.31,38.58,1.0,-1,-1,-1
50,4457,1620.82,528.20,125.91,62.00,1.0,-1,-1,-1
51,4453,322.59,446.52,103.46,63.33,1.0,-1,-1,-1
51,4455,2298.74,1109.15,226.49,124.91,1.0,-1,-1,-1
51,4466,224.60,565.26,65.81,45.79,1.0,-1,-1,-1
51,4468,1784.98,902.79,149.02,79.22,1.0,-1,-1,-1
51,4470,46.49,514.97,36.86,49.83,1.0,-1,-1,-1
51,4469,321.05,571.95,58.92,39.41,1.0,-1,-1,-1
51,4473,1910.20,450.80,56.19,54.20,1.0,-1,-1,-1
51,4457,1633.00,526.17,124.04,61.01,1.0,-1,-1,-1
52,4453,322.05,446.87,103.05,63.14,1.0,-1,-1,-1
52,4455,2340.27,1117.98,230.72,126.95,1.0,-1,-1,-1
52,4466,233.63,567.77,65.36,45.40,1.0,-1,-1,-1
52,4468,1818.73,911.06,150.15,79.47,1.0,-1,-1,-1
52,4470,52.07,516.96,39.68,50.73,1.0,-1,-1,-1
52,4469,330.38,574.15,57.57,38.38,1.0,-1,-1,-1
52,4473,1908.83,450.18,57.69,55.59,1.0,-1,-1,-1
52,4457,1649.34,525.54,121.51,60.01,1.0,-1,-1,-1
52,4458,81.39,417.86,78.76,43.12,1.0,-1,-1,-1
52,4472,1360.71,432.84,82.29,38.10,1.0,-1,-1,-1
53,4453,320.95,446.33,103.86,63.72,1.0,-1,-1,-1
53,4455,2384.03,1129.50,239.65,132.20,1.0,-1,-1,-1
53,4466,242.34,570.62,64.60,44.57,1.0,-1,-1,-1
53,4468,1852.26,917.91,154.41,81.48,1.0,-1,-1,-1
53,4470,58.67,518.96,41.97,51.05,1.0,-1,-1,-1
53,4469,341.75,576.20,56.04,37.33,1.0,-1,-1,-1
53,4473,1906.78,449.97,58.31,56.06,1.0,-1,-1,-1
53,4457,1663.66,525.37,117.29,57.65,1.0,-1,-1,-1
53,4472,1355.51,432.96,82.21,37.96,1.0,-1,-1,-1
54,4453,320.03,446.13,104.38,63.94,1.0,-1,-1,-1
54,4455,2430.49,1140.12,242.04,133.52,1.0,-1,-1,-1
54,4466,249.57,572.94,64.42,44.24,1.0,-1,-1,-1
54,4468,1885.41,924.86,157.63,82.87,1.0,-1,-1,-1
54,4470,63.91,520.30,44.90,52.48,1.0,-1,-1,-1
54,4469,349.52,577.52,57.73,38.32,1.0,-1,-1,-1
54,4472,1352.43,433.00,83.91,38.64,1.0,-1,-1,-1
54,4474,487.82,559.00,64.16,43.80,1.0,-1,-1,-1
55,4453,320.60,446.71,102.63,62.70,1.0,-1,-1,-1
55,4455,2477.50,1154.28,241.15,133.31,1.0,-1,-1,-1
55,4466,257.35,574.39,63.59,43.45,1.0,-1,-1,-1
55,4468,1919.43,932.50,160.47,84.01,1.0,-1,-1,-1
55,4470,68.91,522.05,47.46,53.66,1.0,-1,-1,-1
55,4469,359.70,580.59,57.79,38.02,1.0,-1,-1,-1
55,4472,1349.06,433.01,83.25,38.19,1.0,-1,-1,-1
55,4474,477.80,557.47,62.13,42.42,1.0,-1,-1,-1
56,4453,319.92,447.59,102.28,62.22,1.0,-1,-1,-1
56,4455,2518.02,1166.58,224.94,125.98,1.0,-1,-1,-1
56,4466,265.20,576.17,63.43,43.15,1.0,-1,-1,-1
56,4468,1956.41,941.71,158.47,82.46,1.0,-1,-1,-1
56,4470,74.93,522.66,50.28,55.40,1.0,-1,-1,-1
56,4469,365.24,582.99,61.01,39.92,1.0,-1,-1,-1
56,4472,1348.45,433.01,83.62,38.02,1.0,-1,-1,-1
56,4474,465.72,554.58,61.49,41.96,1.0,-1,-1,-1
57,4453,320.08,447.92,101.90,62.05,1.0,-1,-1,-1
57,4455,2546.34,1180.17,216.18,125.01,1.0,-1,-1,-1
57,4466,273.08,578.09,63.53,43.04,1.0,-1,-1,-1
57,4468,1995.11,949.58,162.79,84.44,1.0,-1,-1,-1
57,4470,81.38,524.77,51.15,54.75,1.0,-1,-1,-1
57,4469,371.62,584.47,63.60,41.28,1.0,-1,-1,-1
57,4474,457.06,553.76,59.09,40.34,1.0,-1,-1,-1
57,4473,1894.61,450.93,60.68,57.92,1.0,-1,-1,-1
58,4453,319.56,448.04,102.85,62.65,1.0,-1,-1,-1
58,4455,2584.85,1192.80,190.83,116.03,1.0,-1,-1,-1
58,4466,280.60,580.72,63.80,43.00,1.0,-1,-1,-1
58,4468,2030.87,957.55,168.42,87.10,1.0,-1,-1,-1
58,4470,87.76,528.15,52.40,54.46,1.0,-1,-1,-1
58,4474,445.12,552.85,58.36,39.86,1.0,-1,-1,-1
58,4473,1891.91,451.04,62.11,58.74,1.0,-1,-1,-1
58,4458,77.01,419.01,76.54,41.14,1.0,-1,-1,-1
58,4457,1720.72,513.26,122.24,60.66,1.0,-1,-1,-1
59,4453,317.75,448.07,104.39,63.53,1.0,-1,-1,-1
59,4466,286.42,582.29,66.62,44.97,1.0,-1,-1,-1
59,4468,2067.80,966.21,171.36,88.10,1.0,-1,-1,-1
59,4470,94.81,531.34,53.04,53.67,1.0,-1,-1,-1
59,4474,432.21,550.46,58.26,39.74,1.0,-1,-1,-1
59,4473,1888.44,451.08,63.03,59.02,1.0,-1,-1,-1
59,4458,72.97,417.66,83.50,44.51,1.0,-1,-1,-1
59,4457,1732.55,514.39,116.74,58.33,1.0,-1,-1,-1
60,4453,317.39,448.08,103.62,63.21,1.0,-1,-1,-1
60,4466,294.57,584.12,67.69,45.71,1.0,-1,-1,-1
60,4468,2105.85,975.80,173.93,89.09,1.0,-1,-1,-1
60,4470,101.13,533.80,53.43,52.69,1.0,-1,-1,-1
60,4474,419.52,546.89,60.88,41.84,1.0,-1,-1,-1
60,4458,70.82,417.24,83.56,44.25,1.0,-1,-1,-1
61,4453,317.48,448.74,104.13,63.75,1.0,-1,-1,-1
61,4466,300.85,586.71,69.11,46.64,1.0,-1,-1,-1
61,4468,2149.09,985.74,170.66,86.18,1.0,-1,-1,-1
61,4470,106.89,535.30,55.61,53.63,1.0,-1,-1,-1
61,4474,411.87,545.00,58.62,40.56,1.0,-1,-1,-1
61,4457,1757.34,510.94,114.30,57.32,1.0,-1,-1,-1
62,4453,316.67,447.00,104.02,63.95,1.0,-1,-1,-1
62,4466,306.77,586.33,73.80,50.24,1.0,-1,-1,-1
62,4468,2185.57,991.20,182.88,92.27,1.0,-1,-1,-1
62,4470,114.35,537.11,55.94,52.66,1.0,-1,-1,-1
62,4474,399.20,543.04,58.76,40.77,1.0,-1,-1,-1
62,4457,1766.83,508.37,116.68,59.11,1.0,-1,-1,-1
62,4458,68.83,414.74,88.68,47.20,1.0,-1,-1,-1
63,4453,315.04,444.36,103.94,64.02,1.0,-1,-1,-1
63,4466,312.67,586.79,74.40,50.96,1.0,-1,-1,-1
63,4468,2225.90,1000.20,188.00,94.48,1.0,-1,-1,-1
63,4470,121.10,537.05,57.65,53.60,1.0,-1,-1,-1
63,4474,389.84,540.37,56.99,39.50,1.0,-1,-1,-1
63,4458,66.17,411.55,92.34,49.14,1.0,-1,-1,-1
64,4453,314.08,442.71,103.26,63.38,1.0,-1,-1,-1
64,4466,322.14,588.18,73.26,50.58,1.0,-1,-1,-1
64,4468,2266.29,1008.62,194.40,97.89,1.0,-1,-1,-1
64,4470,128.13,537.63,58.07,53.29,1.0,-1,-1,-1
64,4474,379.27,536.75,57.34,39.72,1.0,-1,-1,-1
64,4454,2124.04,459.91,175.88,80.10,1.0,-1,-1,-1
65,4453,315.59,441.43,101.25,61.81,1.0,-1,-1,-1
65,4466,329.41,588.65,72.19,50.40,1.0,-1,-1,-1
65,4468,2310.28,1015.50,199.72,100.45,1.0,-1,-1,-1
65,4470,132.58,538.43,59.41,53.82,1.0,-1,-1,-1
65,4474,369.31,534.17,57.01,39.81,1.0,-1,-1,-1
65,4458,65.53,409.42,89.04,47.60,1.0,-1,-1,-1
66,4453,312.90,440.30,103.67,63.22,1.0,-1,-1,-1
66,4468,2352.78,1025.00,207.84,104.62,1.0,-1,-1,-1
66,4470,139.38,539.99,60.42,54.01,1.0,-1,-1,-1
66,4474,358.75,530.63,57.41,40.53,1.0,-1,-1,-1
67,4453,310.95,439.24,105.83,64.40,1.0,-1,-1,-1
67,4468,2401.74,1037.43,206.01,103.63,1.0,-1,-1,-1
67,4470,145.45,541.84,61.21,54.08,1.0,-1,-1,-1
67,4474,347.58,528.73,58.19,41.46,1.0,-1,-1,-1
67,4458,66.99,408.90,86.47,46.30,1.0,-1,-1,-1
68,4453,312.19,439.51,104.02,62.88,1.0,-1,-1,-1
68,4468,2450.92,1048.50,212.39,106.40,1.0,-1,-1,-1
68,4470,151.69,544.46,61.06,53.44,1.0,-1,-1,-1
68,4474,337.02,527.44,58.09,41.82,1.0,-1,-1,-1
68,4458,66.18,408.14,88.26,47.42,1.0,-1,-1,-1
69,4453,309.75,441.65,102.52,61.62,1.0,-1,-1,-1
69,4468,2502.39,1063.46,207.89,103.54,1.0,-1,-1,-1
69,4470,156.50,545.39,64.16,55.83,1.0,-1,-1,-1
69,4474,326.42,525.73,57.55,41.95,1.0,-1,-1,-1
69,4458,65.29,408.54,87.47,47.15,1.0,-1,-1,-1
70,4453,306.42,441.80,104.83,62.49,1.0,-1,-1,-1
70,4468,2543.85,1077.46,197.72,100.35,1.0,-1,-1,-1
70,4470,160.34,547.65,66.14,57.37,1.0,-1,-1,-1
70,4474,314.81,524.50,58.17,42.66,1.0,-1,-1,-1
70,4458,63.43,408.71,86.93,47.05,1.0,-1,-1,-1
71,4453,303.83,441.86,105.12,62.15,1.0,-1,-1,-1
71,4468,2572.62,1088.35,199.42,106.38,1.0,-1,-1,-1
71,4470,167.42,551.06,66.28,57.30,1.0,-1,-1,-1
71,4474,302.62,522.15,58.97,43.58,1.0,-1,-1,-1
71,4458,62.45,408.79,86.66,47.01,1.0,-1,-1,-1
72,4453,301.99,442.56,105.68,62.02,1.0,-1,-1,-1
72,4468,2614.02,1104.47,174.86,100.21,1.0,-1,-1,-1
72,4470,173.41,553.63,66.51,57.25,1.0,-1,-1,-1
72,4474,292.49,520.01,58.57,43.93,1.0,-1,-1,-1
73,4453,301.78,443.49,106.99,62.64,1.0,-1,-1,-1
73,4470,178.29,556.50,66.84,57.22,1.0,-1,-1,-1
74,4453,301.29,443.84,107.71,62.88,1.0,-1,-1,-1
74,4470,182.07,558.84,68.54,58.50,1.0,-1,-1,-1
75,4453,301.07,445.29,106.13,61.65,1.0,-1,-1,-1
75,4470,186.90,561.62,69.18,58.98,1.0,-1,-1,-1
75,4458,55.57,412.39,86.94,47.00,1.0,-1,-1,-1
76,4453,299.36,445.84,106.19,61.18,1.0,-1,-1,-1
76,4470,193.14,566.53,67.39,57.18,1.0,-1,-1,-1
76,4458,54.06,412.17,87.20,47.00,1.0,-1,-1,-1
76,4473,1837.25,451.06,75.66,63.95,1.0,-1,-1,-1
77,4453,299.38,446.03,106.28,61.01,1.0,-1,-1,-1
77,4470,196.69,568.32,68.46,57.80,1.0,-1,-1,-1
77,4458,52.67,412.10,86.40,46.34,1.0,-1,-1,-1
77,4473,1831.94,451.03,81.77,65.41,1.0,-1,-1,-1
78,4453,298.20,446.09,105.46,60.29,1.0,-1,-1,-1
78,4470,201.38,570.89,68.37,57.36,1.0,-1,-1,-1
78,4458,50.52,412.07,87.44,46.75,1.0,-1,-1,-1
78,4473,1826.24,451.67,85.09,65.27,1.0,-1,-1,-1
79,4453,294.48,446.11,107.09,61.35,1.0,-1,-1,-1
79,4470,206.78,573.75,68.55,57.18,1.0,-1,-1,-1
79,4458,47.51,411.39,90.35,48.23,1.0,-1,-1,-1
79,4473,1820.91,451.92,89.55,67.17,1.0,-1,-1,-1
80,4453,288.66,444.79,111.36,64.39,1.0,-1,-1,-1
80,4470,210.85,576.72,70.07,58.43,1.0,-1,-1,-1
80,4458,42.45,411.14,93.48,49.44,1.0,-1,-1,-1
80,4473,1814.90,452.66,92.89,67.88,1.0,-1,-1,-1
81,4453,283.77,446.23,110.64,64.23,1.0,-1,-1,-1
81,4470,211.50,579.73,71.42,59.55,1.0,-1,-1,-1
81,4458,34.03,411.04,94.71,49.90,1.0,-1,-1,-1
81,4473,1806.81,454.25,94.83,68.13,1.0,-1,-1,-1
81,4474,190.52,510.64,50.73,38.24,1.0,-1,-1,-1
82,4453,272.93,445.49,111.93,64.82,1.0,-1,-1,-1
82,4470,209.82,583.40,72.78,60.62,1.0,-1,-1,-1
82,4473,1794.52,454.20,99.09,70.18,1.0,-1,-1,-1
82,4474,171.14,511.27,51.35,38.68,1.0,-1,-1,-1
83,4453,257.30,446.51,111.99,65.03,1.0,-1,-1,-1
83,4470,200.45,587.98,74.09,61.67,1.0,-1,-1,-1
83,4473,1779.64,454.17,103.20,72.88,1.0,-1,-1,-1
83,4474,145.67,510.04,52.11,39.46,1.0,-1,-1,-1
83,4458,14.02,416.44,85.00,43.85,1.0,-1,-1,-1
84,4453,238.43,448.86,110.48,63.79,1.0,-1,-1,-1
84,4470,184.05,592.25,74.51,62.06,1.0,-1,-1,-1
84,4473,1757.90,456.08,104.15,72.62,1.0,-1,-1,-1
84,4474,114.88,511.62,50.26,37.76,1.0,-1,-1,-1
84,4458,-1.64,418.44,84.74,45.20,1.0,-1,-1,-1
85,4453,206.36,451.74,115.58,66.61,1.0,-1,-1,-1
85,4470,164.42,600.97,75.58,62.84,1.0,-1,-1,-1
85,4473,1732.75,461.40,104.86,71.82,1.0,-1,-1,-1
85,4474,76.21,513.66,51.34,38.48,1.0,-1,-1,-1
85,4458,-14.07,425.07,76.99,43.60,1.0,-1,-1,-1
86,4453,175.61,454.74,121.15,70.25,1.0,-1,-1,-1
86,4470,144.79,610.06,76.71,63.78,1.0,-1,-1,-1
86,4473,1709.25,466.04,105.14,70.17,1.0,-1,-1,-1
86,4474,36.27,516.40,52.77,39.41,1.0,-1,-1,-1
87,4453,147.74,457.16,120.51,69.71,1.0,-1,-1,-1
87,4470,123.72,617.33,78.93,65.42,1.0,-1,-1,-1
87,4473,1685.62,467.11,107.54,70.18,1.0,-1,-1,-1
87,4474,1.78,517.44,54.13,41.75,1.0,-1,-1,-1
88,4453,120.88,459.39,120.15,68.80,1.0,-1,-1,-1
88,4470,106.89,622.58,79.99,66.03,1.0,-1,-1,-1
88,4473,1661.26,468.13,111.83,71.49,1.0,-1,-1,-1
89,4453,99.90,458.22,125.29,71.72,1.0,-1,-1,-1
89,4470,97.04,628.34,79.59,64.94,1.0,-1,-1,-1
89,4473,1646.81,471.09,111.62,69.35,1.0,-1,-1,-1
90,4453,90.42,460.35,125.87,71.51,1.0,-1,-1,-1
90,4470,97.81,634.32,78.68,63.17,1.0,-1,-1,-1
90,4473,1636.06,472.17,114.51,69.84,1.0,-1,-1,-1
91,4453,87.07,460.49,125.36,70.73,1.0,-1,-1,-1
91,4470,105.00,637.71,76.36,60.49,1.0,-1,-1,-1
91,4473,1624.85,472.53,118.91,71.33,1.0,-1,-1,-1
92,4453,83.21,459.84,129.45,73.05,1.0,-1,-1,-1
92,4470,116.03,640.10,72.11,56.11,1.0,-1,-1,-1
92,4473,1618.52,473.27,119.66,70.57,1.0,-1,-1,-1
93,4453,83.32,461.52,129.08,72.60,1.0,-1,-1,-1
93,4470,124.63,642.10,70.20,53.80,1.0,-1,-1,-1
93,4473,1607.65,472.84,122.71,72.91,1.0,-1,-1,-1
94,4453,80.93,460.17,130.91,73.71,1.0,-1,-1,-1
94,4470,135.84,643.32,67.06,50.28,1.0,-1,-1,-1
94,4473,1601.23,472.65,123.92,73.78,1.0,-1,-1,-1
95,4453,80.62,460.94,130.40,73.46,1.0,-1,-1,-1
95,4470,143.54,644.93,65.74,48.35,1.0,-1,-1,-1
95,4473,1593.86,473.19,124.59,74.75,1.0,-1,-1,-1
96,4453,79.91,461.87,129.52,72.68,1.0,-1,-1,-1
96,4470,151.30,647.42,64.78,46.34,1.0,-1,-1,-1
96,4473,1588.50,474.02,122.84,73.79,1.0,-1,-1,-1
97,4453,80.59,462.85,127.31,71.04,1.0,-1,-1,-1
97,4470,161.29,650.91,64.40,45.69,1.0,-1,-1,-1
97,4473,1582.24,474.96,122.24,73.40,1.0,-1,-1,-1
98,4453,79.69,463.19,126.80,70.41,1.0,-1,-1,-1
98,4473,1575.99,475.28,123.24,73.90,1.0,-1,-1,-1
99,4453,80.27,464.62,124.60,68.84,1.0,-1,-1,-1
99,4473,1570.16,474.72,125.94,75.39,1.0,-1,-1,-1
100,4453,81.94,465.13,124.09,68.24,1.0,-1,-1,-1
100,4473,1566.23,475.13,128.37,76.60,1.0,-1,-1,-1
101,4453,83.99,465.29,122.79,67.36,1.0,-1,-1,-1
101,4473,1563.60,476.57,127.58,75.09,1.0,-1,-1,-1
102,4453,82.53,463.32,125.80,69.04,1.0,-1,-1,-1
102,4473,1559.71,477.10,129.17,74.48,1.0,-1,-1,-1
103,4453,82.20,464.55,124.74,68.35,1.0,-1,-1,-1
103,4473,1557.27,477.27,132.26,74.24,1.0,-1,-1,-1
104,4453,82.28,465.67,122.28,66.76,1.0,-1,-1,-1
104,4473,1552.97,478.63,134.75,73.48,1.0,-1,-1,-1
105,4453,78.94,463.39,127.03,69.51,1.0,-1,-1,-1
105,4473,1536.36,477.79,139.63,76.50,1.0,-1,-1,-1
106,4453,77.49,461.90,128.70,70.51,1.0,-1,-1,-1
106,4473,1530.20,478.12,140.43,76.96,1.0,-1,-1,-1
107,4453,73.39,461.32,130.75,71.55,1.0,-1,-1,-1
107,4473,1516.35,477.57,141.97,78.44,1.0,-1,-1,-1
108,4453,71.42,461.09,131.22,71.94,1.0,-1,-1,-1
108,4473,1507.71,478.64,141.91,78.98,1.0,-1,-1,-1
109,4453,70.98,461.67,130.32,71.42,1.0,-1,-1,-1
109,4473,1499.95,477.73,142.85,80.48,1.0,-1,-1,-1
110,4453,70.40,461.23,131.02,71.87,1.0,-1,-1,-1
110,4473,1492.41,478.02,142.43,81.04,1.0,-1,-1,-1
111,4453,69.53,461.72,129.44,70.72,1.0,-1,-1,-1
111,4473,1483.37,479.43,142.06,81.23,1.0,-1,-1,-1
111,4475,930.95,440.00,96.89,50.40,1.0,-1,-1,-1
112,4453,69.13,461.25,129.83,70.93,1.0,-1,-1,-1
112,4473,1475.18,481.27,140.15,80.62,1.0,-1,-1,-1
113,4453,68.20,461.07,130.36,71.01,1.0,-1,-1,-1
113,4473,1468.28,482.61,139.03,80.37,1.0,-1,-1,-1
114,4453,66.78,461.01,130.85,71.04,1.0,-1,-1,-1
114,4473,1462.21,484.41,137.54,79.59,1.0,-1,-1,-1
115,4453,63.50,459.00,134.67,73.02,1.0,-1,-1,-1
115,4473,1453.50,483.08,141.16,81.93,1.0,-1,-1,-1
116,4453,61.02,457.60,137.40,74.42,1.0,-1,-1,-1
116,4473,1443.86,483.87,141.99,82.80,1.0,-1,-1,-1
117,4453,61.54,457.73,136.92,74.29,1.0,-1,-1,-1
117,4473,1436.72,484.81,141.92,83.11,1.0,-1,-1,-1
118,4453,60.44,459.10,135.53,73.56,1.0,-1,-1,-1
118,4473,1429.12,486.46,141.07,82.55,1.0,-1,-1,-1
119,4453,51.05,460.96,133.26,71.95,1.0,-1,-1,-1
119,4473,1413.13,485.75,143.84,84.30,1.0,-1,-1,-1
120,4453,27.47,457.68,138.67,74.66,1.0,-1,-1,-1
120,4473,1391.65,486.11,144.27,84.29,1.0,-1,-1,-1
121,4453,6.43,457.78,140.12,76.30,1.0,-1,-1,-1
121,4473,1367.61,487.54,143.86,84.26,1.0,-1,-1,-1
122,4453,-11.18,457.18,141.11,78.88,1.0,-1,-1,-1
122,4473,1340.55,488.06,142.82,83.58,1.0,-1,-1,-1
123,4453,-21.58,456.96,140.10,81.15,1.0,-1,-1,-1
123,4473,1318.03,487.58,146.02,85.28,1.0,-1,-1,-1
124,4453,-23.56,457.53,134.82,80.71,1.0,-1,-1,-1
124,4473,1303.71,486.72,149.95,87.87,1.0,-1,-1,-1
125,4453,-22.61,458.42,129.34,79.84,1.0,-1,-1,-1
125,4473,1292.06,488.98,150.39,88.19,1.0,-1,-1,-1
126,4453,-21.92,458.77,125.85,80.14,1.0,-1,-1,-1
126,4473,1282.47,489.84,150.74,88.29,1.0,-1,-1,-1
127,4453,-19.64,460.21,121.61,79.58,1.0,-1,-1,-1
127,4473,1273.94,491.46,151.12,88.30,1.0,-1,-1,-1
127,4476,1289.40,913.40,149.40,81.40,1.0,-1,-1,-1
128,4453,-18.77,461.42,117.83,79.34,1.0,-1,-1,-1
128,4473,1264.75,495.34,149.69,87.63,1.0,-1,-1,-1
128,4476,1325.15,927.60,136.53,74.22,1.0,-1,-1,-1
129,4453,-18.46,461.22,116.20,80.56,1.0,-1,-1,-1
129,4473,1256.00,498.10,149.45,87.35,1.0,-1,-1,-1
129,4476,1359.40,938.88,134.07,72.61,1.0,-1,-1,-1
130,4453,-17.40,461.79,112.70,80.35,1.0,-1,-1,-1
130,4473,1244.70,499.11,151.08,87.89,1.0,-1,-1,-1
130,4476,1387.13,943.23,140.87,76.16,1.0,-1,-1,-1
131,4453,-15.96,462.00,109.67,80.25,1.0,-1,-1,-1
131,4473,1236.16,498.79,152.54,88.74,1.0,-1,-1,-1
131,4476,1418.91,950.09,148.44,80.17,1.0,-1,-1,-1
132,4453,-14.77,462.07,106.89,80.20,1.0,-1,-1,-1
132,4473,1227.05,499.28,153.85,89.71,1.0,-1,-1,-1
132,4476,1452.96,957.04,151.58,81.61,1.0,-1,-1,-1
133,4453,-12.52,462.09,103.83,79.51,1.0,-1,-1,-1
133,4473,1219.04,499.43,154.42,90.06,1.0,-1,-1,-1
133,4476,1490.28,966.06,149.56,80.07,1.0,-1,-1,-1
134,4453,-10.88,462.09,100.70,78.57,1.0,-1,-1,-1
134,4473,1209.87,500.77,153.92,89.52,1.0,-1,-1,-1
134,4476,1521.21,973.13,153.89,82.18,1.0,-1,-1,-1
135,4453,-9.93,462.09,98.43,78.21,1.0,-1,-1,-1
135,4473,1200.30,501.90,154.88,89.96,1.0,-1,-1,-1
135,4476,1555.86,980.82,160.18,85.61,1.0,-1,-1,-1
136,4453,-8.54,462.74,95.71,77.41,1.0,-1,-1,-1
136,4473,1191.08,502.95,156.02,90.77,1.0,-1,-1,-1
136,4476,1594.13,988.72,160.59,85.56,1.0,-1,-1,-1
137,4453,-9.92,462.98,94.02,77.78,1.0,-1,-1,-1
137,4473,1177.04,502.66,157.93,91.72,1.0,-1,-1,-1
137,4476,1628.99,998.70,161.27,85.49,1.0,-1,-1,-1
138,4453,-9.35,464.39,88.72,75.27,1.0,-1,-1,-1
138,4473,1163.97,502.51,157.81,91.41,1.0,-1,-1,-1
138,4476,1663.44,1007.47,160.75,84.76,1.0,-1,-1,-1
139,4453,-11.20,464.91,85.68,74.99,1.0,-1,-1,-1
139,4473,1146.64,502.42,162.22,93.90,1.0,-1,-1,-1
139,4476,1695.35,1015.11,166.48,87.77,1.0,-1,-1,-1
140,4453,-11.33,469.09,77.61,70.23,1.0,-1,-1,-1
140,4473,1130.54,503.02,164.09,94.83,1.0,-1,-1,-1
140,4476,1728.19,1022.33,170.09,89.53,1.0,-1,-1,-1
141,4473,1111.24,503.23,167.04,96.47,1.0,-1,-1,-1
141,4476,1758.95,1029.38,176.48,92.78,1.0,-1,-1,-1
142,4473,1095.95,502.63,169.82,97.73,1.0,-1,-1,-1
142,4476,1793.80,1036.38,178.01,93.35,1.0,-1,-1,-1
142,4453,-19.05,468.47,75.18,72.26,1.0,-1,-1,-1
143,4473,1080.17,504.34,169.42,96.88,1.0,-1,-1,-1
143,4476,1829.53,1045.30,181.08,94.83,1.0,-1,-1,-1
144,4473,1065.48,505.64,163.22,92.57,1.0,-1,-1,-1
144,4476,1863.34,1052.37,187.22,97.95,1.0,-1,-1,-1
145,4473,1044.75,504.76,172.30,97.58,1.0,-1,-1,-1
145,4476,1899.35,1060.66,188.64,98.47,1.0,-1,-1,-1
146,4473,1027.98,505.09,176.28,99.38,1.0,-1,-1,-1
146,4476,1938.93,1069.44,190.66,99.27,1.0,-1,-1,-1
147,4473,1014.40,505.85,180.65,101.36,1.0,-1,-1,-1
147,4476,1985.49,1079.05,192.68,100.18,1.0,-1,-1,-1
148,4473,1003.82,506.78,181.65,101.44,1.0,-1,-1,-1
148,4476,2027.87,1088.33,198.65,103.09,1.0,-1,-1,-1
148,4477,2615.24,991.40,87.71,82.40,1.0,-1,-1,-1
149,4473,991.43,509.08,181.43,100.78,1.0,-1,-1,-1
149,4476,2075.52,1096.81,204.44,106.11,1.0,-1,-1,-1
149,4477,2595.50,987.21,92.14,85.19,1.0,-1,-1,-1
150,4473,976.21,509.28,186.93,103.78,1.0,-1,-1,-1
150,4476,2123.46,1108.22,208.53,108.52,1.0,-1,-1,-1
150,4477,2561.63,984.29,93.83,84.58,1.0,-1,-1,-1
151,4473,965.95,510.63,187.69,103.59,1.0,-1,-1,-1
151,4476,2173.08,1116.90,212.00,110.05,1.0,-1,-1,-1
151,4477,2521.48,981.24,95.36,83.54,1.0,-1,-1,-1
151,4478,1204.57,944.20,156.65,95.60,1.0,-1,-1,-1
152,4473,951.51,512.44,191.04,105.45,1.0,-1,-1,-1
152,4476,2220.42,1127.73,221.08,115.12,1.0,-1,-1,-1
152,4477,2480.69,978.91,95.00,80.26,1.0,-1,-1,-1
152,4478,1229.64,951.12,158.60,96.70,1.0,-1,-1,-1
153,4473,941.79,514.41,190.50,104.17,1.0,-1,-1,-1
153,4476,2274.25,1139.37,225.54,117.66,1.0,-1,-1,-1
153,4477,2440.47,974.67,96.54,78.42,1.0,-1,-1,-1
153,4478,1263.23,959.57,155.58,94.71,1.0,-1,-1,-1
153,4479,363.29,597.20,70.42,39.80,1.0,-1,-1,-1
154,4473,929.93,515.13,192.50,104.95,1.0,-1,-1,-1
154,4476,2329.48,1151.99,224.35,116.67,1.0,-1,-1,-1
154,4477,2399.38,969.82,99.50,77.83,1.0,-1,-1,-1
154,4478,1295.75,968.04,153.59,93.29,1.0,-1,-1,-1
154,4479,363.13,597.81,70.73,39.95,1.0,-1,-1,-1
154,4480,1001.49,929.00,175.43,121.40,1.0,-1,-1,-1
155,4473,916.28,516.02,197.34,107.84,1.0,-1,-1,-1
155,4476,2385.77,1164.37,229.04,119.44,1.0,-1,-1,-1
155,4477,2363.44,965.48,101.30,76.28,1.0,-1,-1,-1
155,4478,1325.88,973.38,156.71,95.07,1.0,-1,-1,-1
155,4479,363.46,598.02,70.86,40.01,1.0,-1,-1,-1
155,4480,1031.06,936.66,174.95,121.09,1.0,-1,-1,-1
156,4473,907.06,518.94,194.98,105.67,1.0,-1,-1,-1
156,4476,2442.87,1179.17,230.10,119.16,1.0,-1,-1,-1
156,4477,2324.99,959.25,104.49,75.77,1.0,-1,-1,-1
156,4478,1356.70,980.56,160.12,97.10,1.0,-1,-1,-1
156,4479,364.53,598.82,69.70,39.27,1.0,-1,-1,-1
156,4480,1060.99,945.48,176.96,122.54,1.0,-1,-1,-1
157,4473,896.50,521.35,196.01,105.43,1.0,-1,-1,-1
157,4476,2490.14,1188.45,235.37,122.88,1.0,-1,-1,-1
157,4477,2285.47,951.69,111.34,78.37,1.0,-1,-1,-1
157,4478,1387.31,985.59,165.84,100.57,1.0,-1,-1,-1
157,4480,1095.01,951.76,179.61,124.49,1.0,-1,-1,-1
158,4473,882.87,522.21,199.40,106.64,1.0,-1,-1,-1
158,4476,2538.46,1202.04,218.16,117.15,1.0,-1,-1,-1
158,4477,2247.83,947.08,115.78,79.32,1.0,-1,-1,-1
158,4478,1421.96,994.59,163.96,99.14,1.0,-1,-1,-1
158,4480,1128.13,957.87,181.42,125.83,1.0,-1,-1,-1
159,4473,868.63,523.15,203.93,108.39,1.0,-1,-1,-1
159,4476,2584.99,1214.80,191.42,108.13,1.0,-1,-1,-1
159,4477,2214.51,944.87,114.01,75.70,1.0,-1,-1,-1
159,4478,1455.53,1003.08,166.60,100.57,1.0,-1,-1,-1
159,4480,1163.67,966.01,184.12,127.65,1.0,-1,-1,-1
160,4473,856.65,523.47,208.47,110.34,1.0,-1,-1,-1
160,4477,2180.89,942.26,115.14,74.34,1.0,-1,-1,-1
160,4478,1490.74,1011.30,169.13,101.75,1.0,-1,-1,-1
160,4480,1197.97,974.16,187.56,130.32,1.0,-1,-1,-1
161,4473,844.00,526.81,208.24,109.76,1.0,-1,-1,-1
161,4477,2146.94,937.42,119.13,75.22,1.0,-1,-1,-1
161,4478,1523.82,1018.11,176.47,106.14,1.0,-1,-1,-1
161,4480,1233.73,982.95,188.60,131.25,1.0,-1,-1,-1
162,4473,831.32,528.05,210.95,110.81,1.0,-1,-1,-1
162,4477,2111.77,930.44,125.62,78.23,1.0,-1,-1,-1
162,4478,1559.08,1026.34,177.47,106.46,1.0,-1,-1,-1
162,4480,1267.32,988.63,194.18,135.55,1.0,-1,-1,-1
163,4473,818.01,529.79,214.71,112.50,1.0,-1,-1,-1
163,4477,2078.51,924.68,124.36,76.08,1.0,-1,-1,-1
163,4478,1595.34,1033.16,181.78,109.16,1.0,-1,-1,-1
163,4480,1304.04,998.44,195.95,137.11,1.0,-1,-1,-1
164,4473,803.25,530.40,220.66,115.73,1.0,-1,-1,-1
164,4477,2045.16,920.70,125.09,75.25,1.0,-1,-1,-1
164,4478,1634.40,1042.70,184.26,110.15,1.0,-1,-1,-1
164,4480,1340.21,1007.84,198.53,138.95,1.0,-1,-1,-1
165,4473,791.22,532.54,220.85,115.64,1.0,-1,-1,-1
165,4477,2013.08,916.06,127.30,75.62,1.0,-1,-1,-1
165,4478,1673.18,1051.33,186.19,111.14,1.0,-1,-1,-1
165,4480,1380.77,1017.07,198.01,138.93,1.0,-1,-1,-1
166,4473,777.30,533.97,222.75,116.21,1.0,-1,-1,-1
166,4477,1983.42,912.50,124.82,73.12,1.0,-1,-1,-1
166,4478,1713.15,1058.94,193.06,115.39,1.0,-1,-1,-1
166,4480,1417.19,1022.92,205.97,144.77,1.0,-1,-1,-1
167,4473,760.06,536.43,227.23,118.35,1.0,-1,-1,-1
167,4477,1952.79,908.02,123.03,70.84,1.0,-1,-1,-1
167,4478,1752.26,1067.45,199.64,119.56,1.0,-1,-1,-1
167,4480,1456.29,1033.37,210.94,148.88,1.0,-1,-1,-1
168,4473,750.07,539.93,224.83,116.54,1.0,-1,-1,-1
168,4477,1921.21,902.52,125.33,71.38,1.0,-1,-1,-1
168,4478,1794.53,1078.89,197.93,118.55,1.0,-1,-1,-1
168,4480,1497.93,1043.64,216.40,152.99,1.0,-1,-1,-1
169,4473,733.73,541.21,228.88,118.42,1.0,-1,-1,-1
169,4477,1889.10,897.32,126.06,70.92,1.0,-1,-1,-1
169,4478,1835.88,1085.00,203.27,121.99,1.0,-1,-1,-1
169,4480,1537.94,1052.52,222.69,157.74,1.0,-1,-1,-1
170,4473,716.21,542.30,237.54,123.02,1.0,-1,-1,-1
170,4477,1858.81,891.56,124.87,69.44,1.0,-1,-1,-1
170,4478,1881.79,1094.87,202.42,121.31,1.0,-1,-1,-1
170,4480,1580.00,1062.16,223.82,158.86,1.0,-1,-1,-1
171,4473,700.46,543.32,240.27,124.75,1.0,-1,-1,-1
171,4477,1826.52,885.58,129.01,71.61,1.0,-1,-1,-1
171,4478,1924.11,1102.95,206.88,124.23,1.0,-1,-1,-1
171,4480,1629.03,1072.09,222.99,158.54,1.0,-1,-1,-1
171,4481,438.34,458.60,119.12,47.60,1.0,-1,-1,-1
172,4473,687.01,545.60,240.05,124.72,1.0,-1,-1,-1
172,4477,1799.85,882.20,123.59,67.79,1.0,-1,-1,-1
172,4478,1972.69,1111.64,207.55,124.01,1.0,-1,-1,-1
172,4480,1674.45,1084.74,223.57,158.97,1.0,-1,-1,-1
173,4473,669.70,547.73,240.34,124.66,1.0,-1,-1,-1
173,4477,1772.11,878.50,121.18,65.66,1.0,-1,-1,-1
173,4478,2021.47,1119.90,208.79,124.50,1.0,-1,-1,-1
173,4480,1717.74,1091.90,231.24,164.93,1.0,-1,-1,-1
174,4473,657.71,551.10,241.67,125.24,1.0,-1,-1,-1
174,4477,1741.39,871.93,124.87,67.63,1.0,-1,-1,-1
174,4478,2068.37,1127.35,219.83,131.17,1.0,-1,-1,-1
174,4480,1768.34,1101.49,230.95,164.56,1.0,-1,-1,-1
174,4479,361.68,607.98,75.70,42.98,1.0,-1,-1,-1
175,4473,643.76,553.63,240.94,124.78,1.0,-1,-1,-1
175,4477,1713.96,866.36,123.88,67.02,1.0,-1,-1,-1
175,4478,2117.53,1137.06,223.03,133.02,1.0,-1,-1,-1
175,4480,1818.19,1110.74,236.43,168.21,1.0,-1,-1,-1
175,4479,362.28,607.49,76.47,43.73,1.0,-1,-1,-1
176,4473,621.98,552.56,249.60,129.16,1.0,-1,-1,-1
176,4477,1684.01,858.47,126.80,68.82,1.0,-1,-1,-1
176,4478,2169.26,1146.38,225.43,134.32,1.0,-1,-1,-1
176,4480,1867.05,1119.19,237.94,168.89,1.0,-1,-1,-1
176,4479,363.57,607.97,75.91,43.34,1.0,-1,-1,-1
176,4481,424.98,456.05,104.86,42.11,1.0,-1,-1,-1
177,4473,609.54,555.35,249.03,128.19,1.0,-1,-1,-1
177,4477,1656.79,853.06,123.71,66.87,1.0,-1,-1,-1
177,4478,2222.04,1158.14,225.90,134.10,1.0,-1,-1,-1
177,4480,1915.17,1126.68,245.95,174.93,1.0,-1,-1,-1
177,4479,362.86,606.81,75.45,43.18,1.0,-1,-1,-1
178,4473,592.44,555.71,252.91,129.72,1.0,-1,-1,-1
178,4478,2274.12,1167.58,230.43,136.56,1.0,-1,-1,-1
178,4480,1968.88,1138.34,247.56,175.88,1.0,-1,-1,-1
178,4479,363.68,606.36,75.06,43.11,1.0,-1,-1,-1
178,4481,405.59,453.24,108.41,43.58,1.0,-1,-1,-1
179,4473,572.64,556.45,260.33,133.54,1.0,-1,-1,-1
179,4478,2326.94,1178.05,234.92,138.74,1.0,-1,-1,-1
179,4480,2022.48,1149.70,247.69,175.50,1.0,-1,-1,-1
179,4479,363.38,605.52,76.79,44.40,1.0,-1,-1,-1
179,4481,393.80,452.71,113.07,45.37,1.0,-1,-1,-1
179,4477,1600.09,845.97,122.97,66.08,1.0,-1,-1,-1
180,4473,555.45,557.33,259.26,132.36,1.0,-1,-1,-1
180,4478,2378.63,1185.68,242.88,143.42,1.0,-1,-1,-1
180,4480,2074.47,1156.34,249.54,176.56,1.0,-1,-1,-1
180,4479,363.40,600.64,75.21,43.58,1.0,-1,-1,-1
180,4481,380.02,452.54,122.84,49.33,1.0,-1,-1,-1
181,4473,538.26,552.35,259.43,131.84,1.0,-1,-1,-1
181,4478,2433.54,1189.65,246.64,145.17,1.0,-1,-1,-1
181,4480,2124.55,1158.57,255.80,180.81,1.0,-1,-1,-1
181,4479,358.93,592.11,80.89,47.22,1.0,-1,-1,-1
181,4481,371.14,442.83,122.56,48.87,1.0,-1,-1,-1
182,4473,517.02,543.18,265.66,134.89,1.0,-1,-1,-1
182,4478,2483.81,1193.45,243.18,143.82,1.0,-1,-1,-1
182,4480,2179.52,1161.10,256.28,180.42,1.0,-1,-1,-1
182,4479,362.66,583.88,76.07,44.07,1.0,-1,-1,-1
182,4481,365.64,433.69,121.80,47.95,1.0,-1,-1,-1
182,4482,2621.30,908.80,87.40,124.60,1.0,-1,-1,-1
183,4473,496.29,537.11,268.89,136.66,1.0,-1,-1,-1
183,4478,2519.06,1195.22,238.32,144.52,1.0,-1,-1,-1
183,4480,2229.79,1163.03,264.62,185.41,1.0,-1,-1,-1
183,4482,2607.07,897.44,88.23,124.14,1.0,-1,-1,-1
184,4473,477.26,531.52,266.60,134.69,1.0,-1,-1,-1
184,4478,2558.83,1196.29,222.34,141.47,1.0,-1,-1,-1
184,4480,2286.91,1164.21,270.06,188.54,1.0,-1,-1,-1
184,4482,2586.66,881.93,94.81,130.21,1.0,-1,-1,-1
184,4479,361.27,562.74,74.66,43.26,1.0,-1,-1,-1
185,4473,459.09,525.44,269.64,135.86,1.0,-1,-1,-1
185,4480,2345.98,1169.60,273.92,190.32,1.0,-1,-1,-1
185,4482,2565.02,868.53,103.82,137.24,1.0,-1,-1,-1
185,4479,363.03,553.55,73.62,42.37,1.0,-1,-1,-1
186,4473,438.09,521.24,277.83,139.54,1.0,-1,-1,-1
186,4480,2404.44,1177.29,279.19,192.22,1.0,-1,-1,-1
186,4482,2541.73,855.23,117.12,147.25,1.0,-1,-1,-1
186,4479,362.35,549.07,73.83,42.06,1.0,-1,-1,-1
187,4473,414.87,520.35,281.82,140.91,1.0,-1,-1,-1
187,4480,2448.78,1183.28,287.90,200.68,1.0,-1,-1,-1
187,4482,2517.76,850.07,126.31,148.76,1.0,-1,-1,-1
188,4473,394.39,523.35,278.92,138.78,1.0,-1,-1,-1
188,4480,2489.86,1193.12,277.66,199.35,1.0,-1,-1,-1
188,4482,2485.84,846.71,136.44,151.06,1.0,-1,-1,-1
189,4473,372.62,526.58,281.31,139.22,1.0,-1,-1,-1
189,4480,2530.44,1207.80,262.38,198.02,1.0,-1,-1,-1
189,4482,2453.30,842.55,145.28,152.40,1.0,-1,-1,-1
190,4473,348.10,528.49,290.40,143.30,1.0,-1,-1,-1
190,4480,2592.90,1222.99,200.15,160.73,1.0,-1,-1,-1
190,4482,2420.62,839.36,150.23,148.77,1.0,-1,-1,-1
191,4473,326.50,533.79,287.63,140.92,1.0,-1,-1,-1
191,4482,2385.87,836.57,156.98,147.85,1.0,-1,-1,-1
192,4473,301.46,535.23,297.14,145.21,1.0,-1,-1,-1
192,4482,2354.34,835.82,158.88,142.08,1.0,-1,-1,-1
193,4473,270.74,539.67,307.86,149.39,1.0,-1,-1,-1
193,4482,2321.44,833.22,165.97,142.45,1.0,-1,-1,-1
194,4473,249.85,545.27,301.55,145.12,1.0,-1,-1,-1
194,4482,2294.26,831.79,164.35,134.57,1.0,-1,-1,-1
195,4473,224.15,548.10,303.72,145.35,1.0,-1,-1,-1
195,4482,2265.21,829.57,165.16,129.44,1.0,-1,-1,-1
196,4473,195.07,552.41,308.57,146.72,1.0,-1,-1,-1
196,4482,2234.15,826.94,169.78,128.27,1.0,-1,-1,-1
197,4473,168.97,553.99,317.06,149.83,1.0,-1,-1,-1
197,4482,2202.34,822.12,177.98,130.56,1.0,-1,-1,-1
198,4473,133.53,553.90,328.99,154.90,1.0,-1,-1,-1
198,4482,2171.44,819.83,182.47,130.76,1.0,-1,-1,-1
199,4473,104.68,555.10,337.56,158.74,1.0,-1,-1,-1
199,4482,2143.12,817.84,186.38,131.51,1.0,-1,-1,-1
200,4473,71.18,555.52,352.08,165.36,1.0,-1,-1,-1
200,4482,2114.08,815.92,188.18,130.47,1.0,-1,-1,-1
201,4473,37.84,559.50,356.09,167.22,1.0,-1,-1,-1
201,4482,2081.68,812.05,195.36,134.08,1.0,-1,-1,-1
202,4473,5.65,561.66,367.86,173.04,1.0,-1,-1,-1
202,4482,2057.76,807.43,191.10,128.85,1.0,-1,-1,-1
203,4473,-13.77,566.31,362.04,171.35,1.0,-1,-1,-1
203,4482,2030.54,801.84,192.87,128.15,1.0,-1,-1,-1
204,4473,-28.47,568.07,363.65,174.48,1.0,-1,-1,-1
204,4482,2000.76,800.58,196.21,129.24,1.0,-1,-1,-1
204,4483,358.60,549.20,73.99,36.00,1.0,-1,-1,-1
205,4473,-37.43,572.57,355.47,173.67,1.0,-1,-1,-1
205,4482,1974.18,798.27,197.82,129.00,1.0,-1,-1,-1
205,4483,356.99,549.82,75.52,36.77,1.0,-1,-1,-1
206,4473,-47.94,574.24,344.06,172.60,1.0,-1,-1,-1
206,4482,1950.73,794.23,198.25,128.25,1.0,-1,-1,-1
206,4483,354.59,549.25,77.45,37.80,1.0,-1,-1,-1
207,4473,-51.72,578.74,328.42,169.50,1.0,-1,-1,-1
207,4482,1924.96,790.86,197.91,127.32,1.0,-1,-1,-1
207,4483,353.59,549.06,77.84,38.11,1.0,-1,-1,-1
208,4473,-57.17,581.02,305.83,163.62,1.0,-1,-1,-1
208,4482,1900.82,788.41,192.90,122.99,1.0,-1,-1,-1
208,4484,1257.60,917.60,176.00,87.00,1.0,-1,-1,-1
208,4485,995.51,899.80,152.98,81.40,1.0,-1,-1,-1
209,4473,-57.99,584.45,277.96,154.66,1.0,-1,-1,-1
209,4482,1875.95,784.98,188.83,119.36,1.0,-1,-1,-1
209,4484,1292.62,922.53,177.48,87.77,1.0,-1,-1,-1
209,4485,1023.41,904.61,153.79,81.87,1.0,-1,-1,-1
209,4483,352.61,549.02,77.57,38.10,1.0,-1,-1,-1
210,4473,-67.90,591.71,266.41,156.04,1.0,-1,-1,-1
210,4482,1854.47,783.19,185.21,116.04,1.0,-1,-1,-1
210,4484,1331.54,930.38,177.83,88.03,1.0,-1,-1,-1
210,4485,1055.32,912.42,156.87,83.57,1.0,-1,-1,-1
210,4483,352.72,549.05,77.10,38.00,1.0,-1,-1,-1
211,4473,-71.86,594.25,243.36,151.23,1.0,-1,-1,-1
211,4482,1828.17,779.97,187.13,116.23,1.0,-1,-1,-1
211,4484,1370.28,940.20,183.52,91.08,1.0,-1,-1,-1
211,4485,1086.67,919.94,160.44,85.58,1.0,-1,-1,-1
211,4483,351.47,548.37,78.16,38.65,1.0,-1,-1,-1
212,4482,1803.27,777.58,186.76,115.00,1.0,-1,-1,-1
212,4484,1411.90,949.63,181.02,89.93,1.0,-1,-1,-1
212,4485,1118.70,926.52,161.44,86.22,1.0,-1,-1,-1
213,4482,1780.58,776.15,182.80,111.25,1.0,-1,-1,-1
213,4484,1448.42,958.27,186.61,92.97,1.0,-1,-1,-1
213,4485,1152.88,934.85,160.27,85.68,1.0,-1,-1,-1
213,4483,351.19,548.08,79.71,39.73,1.0,-1,-1,-1
214,4482,1756.47,773.07,183.38,110.59,1.0,-1,-1,-1
214,4484,1488.65,969.92,184.76,91.98,1.0,-1,-1,-1
214,4485,1186.26,943.09,160.58,86.13,1.0,-1,-1,-1
214,4483,352.04,548.02,77.02,38.60,1.0,-1,-1,-1
215,4482,1734.74,768.69,178.39,106.37,1.0,-1,-1,-1
215,4484,1527.90,979.34,189.11,94.27,1.0,-1,-1,-1
215,4485,1219.96,951.92,162.02,86.94,1.0,-1,-1,-1
215,4483,352.11,548.67,75.87,38.19,1.0,-1,-1,-1
216,4482,1711.95,763.82,182.06,107.59,1.0,-1,-1,-1
216,4484,1568.42,987.18,196.12,97.75,1.0,-1,-1,-1
216,4485,1253.64,958.95,164.69,88.55,1.0,-1,-1,-1
217,4482,1686.19,760.15,185.81,109.41,1.0,-1,-1,-1
217,4484,1608.92,997.09,200.39,99.69,1.0,-1,-1,-1
217,4485,1288.73,967.29,164.26,88.46,1.0,-1,-1,-1
217,4486,2588.62,880.60,115.97,76.40,1.0,-1,-1,-1
218,4482,1661.93,758.25,185.15,108.80,1.0,-1,-1,-1
218,4484,1652.76,1006.48,202.86,101.03,1.0,-1,-1,-1
218,4485,1324.83,976.13,166.36,89.72,1.0,-1,-1,-1
218,4486,2571.35,877.81,124.74,81.52,1.0,-1,-1,-1
218,4483,344.85,548.11,80.56,40.57,1.0,-1,-1,-1
219,4482,1638.61,757.01,181.38,105.95,1.0,-1,-1,-1
219,4484,1696.03,1016.30,207.59,103.46,1.0,-1,-1,-1
219,4485,1360.47,984.48,169.59,91.49,1.0,-1,-1,-1
219,4486,2546.42,876.88,124.55,80.21,1.0,-1,-1,-1
220,4482,1614.26,754.68,182.58,106.27,1.0,-1,-1,-1
220,4484,1741.08,1026.94,209.72,104.34,1.0,-1,-1,-1
220,4485,1395.12,991.98,178.13,96.73,1.0,-1,-1,-1
220,4486,2516.64,875.18,122.45,77.31,1.0,-1,-1,-1
221,4482,1591.61,751.92,180.77,104.43,1.0,-1,-1,-1
221,4484,1788.13,1037.24,211.50,105.27,1.0,-1,-1,-1
221,4485,1433.53,1001.74,177.60,96.76,1.0,-1,-1,-1
221,4486,2484.12,870.29,125.68,77.77,1.0,-1,-1,-1
222,4482,1570.39,748.34,182.31,105.12,1.0,-1,-1,-1
222,4484,1836.14,1048.05,217.88,108.19,1.0,-1,-1,-1
222,4485,1478.75,1011.11,176.17,96.04,1.0,-1,-1,-1
222,4486,2454.12,863.78,124.98,75.81,1.0,-1,-1,-1
222,4483,348.08,548.03,77.55,39.21,1.0,-1,-1,-1
223,4482,1548.31,744.46,185.09,106.74,1.0,-1,-1,-1
223,4484,1882.56,1056.44,225.21,111.85,1.0,-1,-1,-1
223,4485,1514.56,1020.31,186.54,102.29,1.0,-1,-1,-1
223,4486,2421.86,858.79,125.50,74.41,1.0,-1,-1,-1
223,4483,347.92,548.03,77.16,39.02,1.0,-1,-1,-1
224,4482,1524.83,741.79,185.18,106.71,1.0,-1,-1,-1
224,4484,1929.97,1066.49,233.53,116.45,1.0,-1,-1,-1
224,4485,1554.04,1028.76,189.73,104.60,1.0,-1,-1,-1
224,4486,2388.35,853.71,130.51,76.02,1.0,-1,-1,-1
225,4482,1504.13,738.26,182.28,104.74,1.0,-1,-1,-1
225,4484,1980.87,1079.75,235.29,117.54,1.0,-1,-1,-1
225,4485,1595.66,1039.52,190.96,105.45,1.0,-1,-1,-1
225,4486,2358.06,849.31,132.81,75.93,1.0,-1,-1,-1
225,4487,2622.40,1020.20,80.40,97.40,1.0,-1,-1,-1
226,4482,1486.32,737.06,177.95,102.01,1.0,-1,-1,-1
226,4484,2036.04,1091.71,235.96,117.88,1.0,-1,-1,-1
226,4485,1641.05,1049.89,193.27,107.01,1.0,-1,-1,-1
226,4486,2327.75,846.50,135.05,75.91,1.0,-1,-1,-1
226,4487,2603.64,1015.46,78.77,93.27,1.0,-1,-1,-1
227,4482,1466.06,736.08,173.40,99.02,1.0,-1,-1,-1
227,4484,2088.52,1101.84,242.84,121.19,1.0,-1,-1,-1
227,4485,1686.81,1061.39,194.78,108.21,1.0,-1,-1,-1
227,4486,2296.94,843.61,137.64,75.91,1.0,-1,-1,-1
227,4487,2567.31,1001.17,89.82,102.18,1.0,-1,-1,-1
228,4482,1444.49,731.79,174.27,99.30,1.0,-1,-1,-1
228,4484,2143.24,1112.54,245.88,122.40,1.0,-1,-1,-1
228,4485,1731.82,1072.02,198.39,110.56,1.0,-1,-1,-1
228,4486,2271.76,842.69,134.14,72.57,1.0,-1,-1,-1
228,4487,2521.65,991.90,94.81,102.72,1.0,-1,-1,-1
229,4482,1424.64,729.65,171.31,96.77,1.0,-1,-1,-1
229,4484,2200.60,1126.06,249.93,124.10,1.0,-1,-1,-1
229,4485,1779.69,1082.94,204.17,114.01,1.0,-1,-1,-1
229,4486,2242.89,841.18,133.20,70.64,1.0,-1,-1,-1
229,4487,2472.01,983.37,96.33,97.76,1.0,-1,-1,-1
230,4484,2262.58,1141.31,252.17,124.69,1.0,-1,-1,-1
230,4485,1828.20,1092.69,207.08,115.93,1.0,-1,-1,-1
230,4486,2214.46,837.37,134.39,69.97,1.0,-1,-1,-1
230,4487,2420.38,976.58,101.87,98.01,1.0,-1,-1,-1
231,4484,2319.26,1153.98,260.77,128.75,1.0,-1,-1,-1
231,4485,1878.35,1104.56,211.35,118.56,1.0,-1,-1,-1
231,4486,2186.12,832.73,135.83,69.75,1.0,-1,-1,-1
231,4487,2371.44,968.98,106.18,96.70,1.0,-1,-1,-1
232,4484,2382.69,1166.91,268.07,132.19,1.0,-1,-1,-1
232,4485,1927.19,1115.95,215.99,121.45,1.0,-1,-1,-1
232,4486,2160.01,827.79,136.32,69.03,1.0,-1,-1,-1
232,4487,2322.26,961.11,110.81,95.52,1.0,-1,-1,-1
233,4484,2439.30,1179.31,277.76,137.33,1.0,-1,-1,-1
233,4485,1981.48,1128.44,218.48,123.16,1.0,-1,-1,-1
233,4486,2133.24,825.43,131.37,65.43,1.0,-1,-1,-1
233,4487,2275.90,953.14,112.80,91.68,1.0,-1,-1,-1
234,4484,2489.85,1194.70,265.51,134.13,1.0,-1,-1,-1
234,4485,2034.78,1138.78,227.04,128.27,1.0,-1,-1,-1
234,4486,2101.94,820.65,135.61,66.86,1.0,-1,-1,-1
234,4487,2230.92,945.82,115.87,89.60,1.0,-1,-1,-1
234,4488,2607.60,909.40,101.21,75.20,1.0,-1,-1,-1
235,4484,2543.45,1209.40,229.92,120.29,1.0,-1,-1,-1
235,4485,2089.57,1150.83,229.95,130.19,1.0,-1,-1,-1
235,4486,2072.53,817.03,137.58,67.38,1.0,-1,-1,-1
235,4487,2183.92,940.11,117.79,86.83,1.0,-1,-1,-1
235,4488,2590.23,906.00,106.24,78.14,1.0,-1,-1,-1
236,4484,2595.58,1225.89,191.66,106.56,1.0,-1,-1,-1
236,4485,2146.86,1164.22,232.92,132.15,1.0,-1,-1,-1
236,4486,2047.32,813.15,140.32,68.27,1.0,-1,-1,-1
236,4487,2139.97,932.23,122.67,86.56,1.0,-1,-1,-1
236,4488,2567.27,900.28,111.70,80.65,1.0,-1,-1,-1
237,4485,2206.92,1178.76,234.05,132.19,1.0,-1,-1,-1
237,4486,2023.03,809.85,140.63,67.96,1.0,-1,-1,-1
237,4487,2097.66,923.58,128.32,87.19,1.0,-1,-1,-1
237,4488,2539.08,897.02,114.54,80.66,1.0,-1,-1,-1
238,4485,2270.30,1195.06,234.60,132.12,1.0,-1,-1,-1
238,4486,1997.01,807.42,139.54,67.19,1.0,-1,-1,-1
238,4487,2054.45,915.99,134.49,88.80,1.0,-1,-1,-1
238,4488,2508.39,893.23,117.40,80.55,1.0,-1,-1,-1
239,4485,2333.64,1206.80,239.36,134.62,1.0,-1,-1,-1
239,4486,1970.04,801.99,144.48,69.59,1.0,-1,-1,-1
239,4487,2014.71,909.46,138.59,89.42,1.0,-1,-1,-1
239,4488,2479.91,889.27,116.37,76.95,1.0,-1,-1,-1
240,4485,2396.27,1220.67,248.10,139.42,1.0,-1,-1,-1
240,4486,1944.68,798.77,143.67,69.17,1.0,-1,-1,-1
240,4487,1974.82,904.65,135.51,85.03,1.0,-1,-1,-1
240,4488,2446.94,883.83,120.28,77.00,1.0,-1,-1,-1
240,4489,5.46,602.40,31.09,47.40,1.0,-1,-1,-1
241,4485,2457.28,1234.69,255.77,143.78,1.0,-1,-1,-1
241,4486,1920.07,794.39,143.78,69.01,1.0,-1,-1,-1
241,4487,1932.49,897.16,141.17,86.77,1.0,-1,-1,-1
241,4488,2412.66,880.00,126.18,78.39,1.0,-1,-1,-1
241,4489,9.38,603.65,31.81,47.87,1.0,-1,-1,-1
242,4485,2509.45,1250.06,244.80,140.91,1.0,-1,-1,-1
242,4486,1897.57,790.23,141.24,67.63,1.0,-1,-1,-1
242,4487,1894.86,889.99,142.76,86.07,1.0,-1,-1,-1
242,4488,2379.17,876.06,130.36,78.89,1.0,-1,-1,-1
242,4489,14.04,605.61,32.28,47.24,1.0,-1,-1,-1
243,4485,2553.91,1266.02,231.81,140.31,1.0,-1,-1,-1
243,4486,1873.95,785.49,140.17,67.12,1.0,-1,-1,-1
243,4487,1860.90,884.93,139.11,81.83,1.0,-1,-1,-1
243,4488,2350.44,874.08,130.99,77.05,1.0,-1,-1,-1
243,4489,19.62,606.18,31.47,44.00,1.0,-1,-1,-1
244,4486,1854.81,782.54,135.15,64.28,1.0,-1,-1,-1
244,4487,1823.23,877.32,141.01,81.63,1.0,-1,-1,-1
244,4488,2322.91,870.84,132.16,75.67,1.0,-1,-1,-1
244,4489,23.99,607.79,31.60,41.47,1.0,-1,-1,-1
245,4486,1829.58,778.25,138.90,65.92,1.0,-1,-1,-1
245,4487,1786.04,869.43,145.06,82.92,1.0,-1,-1,-1
245,4488,2293.68,865.75,134.56,75.16,1.0,-1,-1,-1
246,4486,1809.08,776.79,133.72,63.22,1.0,-1,-1,-1
246,4487,1749.96,862.10,146.71,82.76,1.0,-1,-1,-1
246,4488,2264.05,860.66,138.31,75.65,1.0,-1,-1,-1
247,4486,1789.46,775.10,127.15,59.50,1.0,-1,-1,-1
247,4487,1715.59,854.98,148.22,82.73,1.0,-1,-1,-1
247,4488,2236.91,856.91,138.67,74.51,1.0,-1,-1,-1
248,4486,1765.60,771.24,127.77,59.54,1.0,-1,-1,-1
248,4487,1681.64,849.94,146.05,80.74,1.0,-1,-1,-1
248,4488,2205.87,853.68,139.34,73.41,1.0,-1,-1,-1
249,4486,1738.95,763.91,136.79,64.28,1.0,-1,-1,-1
249,4487,1649.43,845.69,141.37,77.34,1.0,-1,-1,-1
249,4488,2176.06,851.30,142.85,74.36,1.0,-1,-1,-1
250,4486,1716.43,757.41,141.01,66.65,1.0,-1,-1,-1
250,4487,1616.58,841.74,141.71,76.79,1.0,-1,-1,-1
250,4488,2149.01,849.21,142.85,73.39,1.0,-1,-1,-1
251,4486,1693.79,752.43,141.77,67.58,1.0,-1,-1,-1
251,4487,1584.66,835.15,141.36,75.95,1.0,-1,-1,-1
251,4488,2121.15,845.25,147.22,75.04,1.0,-1,-1,-1
252,4486,1673.96,748.71,139.35,66.63,1.0,-1,-1,-1
252,4487,1548.43,828.28,148.12,79.71,1.0,-1,-1,-1
252,4488,2095.91,843.23,146.00,73.67,1.0,-1,-1,-1
253,4486,1654.73,746.15,136.00,64.93,1.0,-1,-1,-1
253,4487,1516.30,823.27,147.23,79.12,1.0,-1,-1,-1
253,4488,2069.58,841.96,144.21,71.82,1.0,-1,-1,-1
254,4486,1635.86,745.36,131.36,62.29,1.0,-1,-1,-1
254,4487,1486.08,817.68,144.92,77.58,1.0,-1,-1,-1
254,4488,2046.34,840.96,141.88,69.80,1.0,-1,-1,-1
255,4486,1618.85,745.26,127.47,59.96,1.0,-1,-1,-1
255,4487,1459.76,814.52,143.01,76.35,1.0,-1,-1,-1
255,4488,2020.62,838.71,144.58,70.42,1.0,-1,-1,-1
256,4486,1598.63,743.35,126.89,59.12,1.0,-1,-1,-1
256,4487,1430.36,810.24,143.52,76.59,1.0,-1,-1,-1
256,4488,1998.47,837.30,140.10,67.33,1.0,-1,-1,-1
257,4486,1576.80,741.42,129.67,60.86,1.0,-1,-1,-1
257,4487,1400.56,808.19,140.69,74.70,1.0,-1,-1,-1
257,4488,1973.97,835.58,143.10,68.22,1.0,-1,-1,-1
258,4486,1554.72,739.48,134.30,63.48,1.0,-1,-1,-1
258,4487,1370.44,806.35,141.01,74.68,1.0,-1,-1,-1
258,4488,1945.71,833.02,148.45,70.55,1.0,-1,-1,-1
259,4487,1346.49,805.17,136.48,71.37,1.0,-1,-1,-1
259,4488,1919.90,832.14,148.36,70.12,1.0,-1,-1,-1
260,4488,1895.59,829.27,146.37,68.63,1.0,-1,-1,-1
261,4488,1871.55,825.62,148.31,69.42,1.0,-1,-1,-1
262,4488,1846.56,823.03,149.09,69.72,1.0,-1,-1,-1
263,4488,1821.19,818.84,148.17,69.18,1.0,-1,-1,-1
264,4488,1796.79,815.38,146.36,68.32,1.0,-1,-1,-1
264,4490,107.15,558.40,71.31,41.80,1.0,-1,-1,-1
265,4488,1775.52,812.86,143.38,66.68,1.0,-1,-1,-1
265,4490,96.22,557.33,72.79,42.72,1.0,-1,-1,-1
